vtuneCategory,threadcount,inputinfo,metric,value
tr,36,testfile1,Metric Name,Metric Value
tr,36,testfile1,Elapsed Time,0.623504
tr,36,testfile1,Paused Time,0.0
tr,36,testfile1,Effective CPU Utilization,6.9% (4.961 out of 72 logical CPUs)
tr,36,testfile1,OpenMP Analysis. Collection Time,0.623504
tr,36,testfile1,Serial Time (outside parallel regions),0.472s (75.7%)
tr,36,testfile1,Parallel Region Time,0.152s (24.3%)
tr,36,testfile1,Estimated Ideal Time,0.095s (15.2%)
tr,36,testfile1,OpenMP Potential Gain,0.057s (9.1%)
tr,36,testfile1,Total Thread Count,36
tr,36,testfile1,Thread Oversubscription,0s (0.0% of CPU Time)
tr,36,testfile1,Wait Time with poor CPU Utilization,1.898s (100.0% of Wait Time)
tr,36,testfile1,Spin and Overhead Time,5.048s (64.0% of CPU Time)
tr,36,testfile1,Application Command Line,"leukocyte ""1"" ""36"" ""../../data/leukocyte/testfile.avi"""
tr,36,testfile1,Operating System,"3.10.0-1160.15.2.1chaos.ch6.x86_64 NAME=""Red Hat Enterprise Linux Server"" VERSION=""7.9 (Maipo)"" ID=""rhel"" ID_LIKE=""fedora"" VARIANT=""Server"" VARIANT_ID=""server"" VERSION_ID=""7.9"" PRETTY_NAME=""Red Hat Enterprise Linux Server 7.9 (Maipo)"" ANSI_COLOR=""0;31"" CPE_NAME=""cpe:/o:redhat:enterprise_linux:7.9:GA:server"" HOME_URL=""https://www.redhat.com/"" BUG_REPORT_URL=""https://bugzilla.redhat.com/""  REDHAT_BUGZILLA_PRODUCT=""Red Hat Enterprise Linux 7"" REDHAT_BUGZILLA_PRODUCT_VERSION=7.9 REDHAT_SUPPORT_PRODUCT=""Red Hat Enterprise Linux"" REDHAT_SUPPORT_PRODUCT_VERSION=""7.9"""
tr,36,testfile1,Computer Name,quartz2943
tr,36,testfile1,Result Size,4243219
tr,36,testfile1,Collection start time,00:26:29 22/04/2021 UTC
tr,36,testfile1,Collection stop time,00:26:30 22/04/2021 UTC
tr,36,testfile1,Collector Type,User-mode sampling and tracing
tr,36,testfile1,Name,Intel(R) Xeon(R) Processor code named Broadwell
tr,36,testfile1,Frequency,2095148365
tr,36,testfile1,Logical CPU Count,72
vtuneCategory,threadcount,inputinfo,metric,value
hpc,36,testfile1,Metric Name,Metric Value
hpc,36,testfile1,Elapsed Time,0.712654
hpc,36,testfile1,SP GFLOPS,0.0
hpc,36,testfile1,DP GFLOPS,2.020618
hpc,36,testfile1,x87 GFLOPS,0.0
hpc,36,testfile1,CPI Rate,0.777722
hpc,36,testfile1,Average CPU Frequency,2671746116.367768
hpc,36,testfile1,Total Thread Count,36
hpc,36,testfile1,Effective Physical Core Utilization,10.6% (3.803 out of 36)
hpc,36,testfile1,Effective Logical Core Utilization,8.5% (6.132 out of 72)
hpc,36,testfile1,Serial Time (outside parallel regions),0.328s (46.0%)
hpc,36,testfile1,Parallel Region Time,0.385s (54.0%)
hpc,36,testfile1,Estimated Ideal Time,0.340s (47.8%)
hpc,36,testfile1,OpenMP Potential Gain,0.044s (6.2%)
hpc,36,testfile1,Memory Bound,2.9
hpc,36,testfile1,Cache Bound,2.2
hpc,36,testfile1,DRAM Bound,0.0
hpc,36,testfile1,NUMA: % of Remote Accesses,0.0
hpc,36,testfile1,Vectorization,0.0
hpc,36,testfile1,SP FLOPs,0.0
hpc,36,testfile1,Packed,0.0
hpc,36,testfile1,128-bit,0.0
hpc,36,testfile1,256-bit,0.0
hpc,36,testfile1,Scalar,0.0
hpc,36,testfile1,DP FLOPs,11.3
hpc,36,testfile1,Packed,0.0
hpc,36,testfile1,128-bit,0.0
hpc,36,testfile1,256-bit,0.0
hpc,36,testfile1,Scalar,100.0
hpc,36,testfile1,x87 FLOPs,0.0
hpc,36,testfile1,Non-FP,88.7
hpc,36,testfile1,FP Arith/Mem Rd Instr. Ratio,0.327524
hpc,36,testfile1,FP Arith/Mem Wr Instr. Ratio,1.882299
hpc,36,testfile1,Application Command Line,"leukocyte ""1"" ""36"" ""../../data/leukocyte/testfile.avi"""
hpc,36,testfile1,Operating System,"3.10.0-1160.15.2.1chaos.ch6.x86_64 NAME=""Red Hat Enterprise Linux Server"" VERSION=""7.9 (Maipo)"" ID=""rhel"" ID_LIKE=""fedora"" VARIANT=""Server"" VARIANT_ID=""server"" VERSION_ID=""7.9"" PRETTY_NAME=""Red Hat Enterprise Linux Server 7.9 (Maipo)"" ANSI_COLOR=""0;31"" CPE_NAME=""cpe:/o:redhat:enterprise_linux:7.9:GA:server"" HOME_URL=""https://www.redhat.com/"" BUG_REPORT_URL=""https://bugzilla.redhat.com/""  REDHAT_BUGZILLA_PRODUCT=""Red Hat Enterprise Linux 7"" REDHAT_BUGZILLA_PRODUCT_VERSION=7.9 REDHAT_SUPPORT_PRODUCT=""Red Hat Enterprise Linux"" REDHAT_SUPPORT_PRODUCT_VERSION=""7.9"""
hpc,36,testfile1,Computer Name,quartz2943
hpc,36,testfile1,Result Size,5905549
hpc,36,testfile1,Collection start time,00:26:46 22/04/2021 UTC
hpc,36,testfile1,Collection stop time,00:26:47 22/04/2021 UTC
hpc,36,testfile1,Collector Type,Driverless Perf per-process sampling
hpc,36,testfile1,Name,Intel(R) Xeon(R) Processor code named Broadwell
hpc,36,testfile1,Frequency,2095147635
hpc,36,testfile1,Logical CPU Count,72
vtuneCategory,threadcount,inputinfo,metric,value
tr,18,testfile1,Metric Name,Metric Value
tr,18,testfile1,Elapsed Time,0.393875
tr,18,testfile1,Paused Time,0.0
tr,18,testfile1,Effective CPU Utilization,8.8% (6.349 out of 72 logical CPUs)
tr,18,testfile1,OpenMP Analysis. Collection Time,0.393875
tr,18,testfile1,Serial Time (outside parallel regions),0.206s (52.3%)
tr,18,testfile1,Parallel Region Time,0.188s (47.7%)
tr,18,testfile1,Estimated Ideal Time,0.143s (36.4%)
tr,18,testfile1,OpenMP Potential Gain,0.044s (11.3%)
tr,18,testfile1,Total Thread Count,18
tr,18,testfile1,Thread Oversubscription,0s (0.0% of CPU Time)
tr,18,testfile1,Wait Time with poor CPU Utilization,0.255s (100.0% of Wait Time)
tr,18,testfile1,Spin and Overhead Time,1.559s (38.6% of CPU Time)
tr,18,testfile1,Application Command Line,"leukocyte ""1"" ""18"" ""../../data/leukocyte/testfile.avi"""
tr,18,testfile1,Operating System,"3.10.0-1160.15.2.1chaos.ch6.x86_64 NAME=""Red Hat Enterprise Linux Server"" VERSION=""7.9 (Maipo)"" ID=""rhel"" ID_LIKE=""fedora"" VARIANT=""Server"" VARIANT_ID=""server"" VERSION_ID=""7.9"" PRETTY_NAME=""Red Hat Enterprise Linux Server 7.9 (Maipo)"" ANSI_COLOR=""0;31"" CPE_NAME=""cpe:/o:redhat:enterprise_linux:7.9:GA:server"" HOME_URL=""https://www.redhat.com/"" BUG_REPORT_URL=""https://bugzilla.redhat.com/""  REDHAT_BUGZILLA_PRODUCT=""Red Hat Enterprise Linux 7"" REDHAT_BUGZILLA_PRODUCT_VERSION=7.9 REDHAT_SUPPORT_PRODUCT=""Red Hat Enterprise Linux"" REDHAT_SUPPORT_PRODUCT_VERSION=""7.9"""
tr,18,testfile1,Computer Name,quartz2943
tr,18,testfile1,Result Size,3884099
tr,18,testfile1,Collection start time,00:27:05 22/04/2021 UTC
tr,18,testfile1,Collection stop time,00:27:06 22/04/2021 UTC
tr,18,testfile1,Collector Type,User-mode sampling and tracing
tr,18,testfile1,Name,Intel(R) Xeon(R) Processor code named Broadwell
tr,18,testfile1,Frequency,2095147254
tr,18,testfile1,Logical CPU Count,72
vtuneCategory,threadcount,inputinfo,metric,value
hpc,18,testfile1,Metric Name,Metric Value
hpc,18,testfile1,Elapsed Time,0.434508
hpc,18,testfile1,SP GFLOPS,0.0
hpc,18,testfile1,DP GFLOPS,3.728359
hpc,18,testfile1,x87 GFLOPS,0.0
hpc,18,testfile1,CPI Rate,0.463726
hpc,18,testfile1,Average CPU Frequency,2657179560.890476
hpc,18,testfile1,Total Thread Count,18
hpc,18,testfile1,Effective Physical Core Utilization,16.3% (5.864 out of 36)
hpc,18,testfile1,Effective Logical Core Utilization,7.9% (5.721 out of 72)
hpc,18,testfile1,Serial Time (outside parallel regions),0.180s (41.4%)
hpc,18,testfile1,Parallel Region Time,0.255s (58.6%)
hpc,18,testfile1,Estimated Ideal Time,0.221s (51.0%)
hpc,18,testfile1,OpenMP Potential Gain,0.033s (7.7%)
hpc,18,testfile1,Memory Bound,7.4
hpc,18,testfile1,Cache Bound,4.3
hpc,18,testfile1,DRAM Bound,0.0
hpc,18,testfile1,NUMA: % of Remote Accesses,0.0
hpc,18,testfile1,Vectorization,0.0
hpc,18,testfile1,SP FLOPs,0.0
hpc,18,testfile1,Packed,0.0
hpc,18,testfile1,128-bit,0.0
hpc,18,testfile1,256-bit,0.0
hpc,18,testfile1,Scalar,0.0
hpc,18,testfile1,DP FLOPs,12.4
hpc,18,testfile1,Packed,0.0
hpc,18,testfile1,128-bit,0.0
hpc,18,testfile1,256-bit,0.0
hpc,18,testfile1,Scalar,100.0
hpc,18,testfile1,x87 FLOPs,0.0
hpc,18,testfile1,Non-FP,87.6
hpc,18,testfile1,FP Arith/Mem Rd Instr. Ratio,0.406768
hpc,18,testfile1,FP Arith/Mem Wr Instr. Ratio,2.222159
hpc,18,testfile1,Application Command Line,"leukocyte ""1"" ""18"" ""../../data/leukocyte/testfile.avi"""
hpc,18,testfile1,Operating System,"3.10.0-1160.15.2.1chaos.ch6.x86_64 NAME=""Red Hat Enterprise Linux Server"" VERSION=""7.9 (Maipo)"" ID=""rhel"" ID_LIKE=""fedora"" VARIANT=""Server"" VARIANT_ID=""server"" VERSION_ID=""7.9"" PRETTY_NAME=""Red Hat Enterprise Linux Server 7.9 (Maipo)"" ANSI_COLOR=""0;31"" CPE_NAME=""cpe:/o:redhat:enterprise_linux:7.9:GA:server"" HOME_URL=""https://www.redhat.com/"" BUG_REPORT_URL=""https://bugzilla.redhat.com/""  REDHAT_BUGZILLA_PRODUCT=""Red Hat Enterprise Linux 7"" REDHAT_BUGZILLA_PRODUCT_VERSION=7.9 REDHAT_SUPPORT_PRODUCT=""Red Hat Enterprise Linux"" REDHAT_SUPPORT_PRODUCT_VERSION=""7.9"""
hpc,18,testfile1,Computer Name,quartz2943
hpc,18,testfile1,Result Size,5308433
hpc,18,testfile1,Collection start time,00:27:20 22/04/2021 UTC
hpc,18,testfile1,Collection stop time,00:27:21 22/04/2021 UTC
hpc,18,testfile1,Collector Type,Driverless Perf per-process sampling
hpc,18,testfile1,Name,Intel(R) Xeon(R) Processor code named Broadwell
hpc,18,testfile1,Frequency,2095147839
hpc,18,testfile1,Logical CPU Count,72
vtuneCategory,threadcount,inputinfo,metric,value
tr,9,testfile1,Metric Name,Metric Value
tr,9,testfile1,Elapsed Time,0.420262
tr,9,testfile1,Paused Time,0.0
tr,9,testfile1,Effective CPU Utilization,6.5% (4.678 out of 72 logical CPUs)
tr,9,testfile1,OpenMP Analysis. Collection Time,0.420262
tr,9,testfile1,Serial Time (outside parallel regions),0.157s (37.4%)
tr,9,testfile1,Parallel Region Time,0.263s (62.6%)
tr,9,testfile1,Estimated Ideal Time,0.224s (53.4%)
tr,9,testfile1,OpenMP Potential Gain,0.039s (9.2%)
tr,9,testfile1,Total Thread Count,9
tr,9,testfile1,Thread Oversubscription,0s (0.0% of CPU Time)
tr,9,testfile1,Wait Time with poor CPU Utilization,0.020s (100.0% of Wait Time)
tr,9,testfile1,Spin and Overhead Time,0.630s (24.4% of CPU Time)
tr,9,testfile1,Application Command Line,"leukocyte ""1"" ""9"" ""../../data/leukocyte/testfile.avi"""
tr,9,testfile1,Operating System,"3.10.0-1160.15.2.1chaos.ch6.x86_64 NAME=""Red Hat Enterprise Linux Server"" VERSION=""7.9 (Maipo)"" ID=""rhel"" ID_LIKE=""fedora"" VARIANT=""Server"" VARIANT_ID=""server"" VERSION_ID=""7.9"" PRETTY_NAME=""Red Hat Enterprise Linux Server 7.9 (Maipo)"" ANSI_COLOR=""0;31"" CPE_NAME=""cpe:/o:redhat:enterprise_linux:7.9:GA:server"" HOME_URL=""https://www.redhat.com/"" BUG_REPORT_URL=""https://bugzilla.redhat.com/""  REDHAT_BUGZILLA_PRODUCT=""Red Hat Enterprise Linux 7"" REDHAT_BUGZILLA_PRODUCT_VERSION=7.9 REDHAT_SUPPORT_PRODUCT=""Red Hat Enterprise Linux"" REDHAT_SUPPORT_PRODUCT_VERSION=""7.9"""
tr,9,testfile1,Computer Name,quartz2943
tr,9,testfile1,Result Size,3895597
tr,9,testfile1,Collection start time,00:27:38 22/04/2021 UTC
tr,9,testfile1,Collection stop time,00:27:39 22/04/2021 UTC
tr,9,testfile1,Collector Type,User-mode sampling and tracing
tr,9,testfile1,Name,Intel(R) Xeon(R) Processor code named Broadwell
tr,9,testfile1,Frequency,2095146976
tr,9,testfile1,Logical CPU Count,72
vtuneCategory,threadcount,inputinfo,metric,value
hpc,9,testfile1,Metric Name,Metric Value
hpc,9,testfile1,Elapsed Time,0.467722
hpc,9,testfile1,SP GFLOPS,0.0
hpc,9,testfile1,DP GFLOPS,5.002980
hpc,9,testfile1,x87 GFLOPS,0.0
hpc,9,testfile1,CPI Rate,0.425153
hpc,9,testfile1,Average CPU Frequency,2678850889.588561
hpc,9,testfile1,Total Thread Count,9
hpc,9,testfile1,Effective Physical Core Utilization,13.6% (4.907 out of 36)
hpc,9,testfile1,Effective Logical Core Utilization,6.8% (4.907 out of 72)
hpc,9,testfile1,Serial Time (outside parallel regions),0.158s (33.8%)
hpc,9,testfile1,Parallel Region Time,0.310s (66.2%)
hpc,9,testfile1,Estimated Ideal Time,0.266s (56.9%)
hpc,9,testfile1,OpenMP Potential Gain,0.044s (9.3%)
hpc,9,testfile1,Memory Bound,1.7
hpc,9,testfile1,Cache Bound,2.5
hpc,9,testfile1,DRAM Bound,0.0
hpc,9,testfile1,NUMA: % of Remote Accesses,0.0
hpc,9,testfile1,Vectorization,0.0
hpc,9,testfile1,SP FLOPs,0.0
hpc,9,testfile1,Packed,0.0
hpc,9,testfile1,128-bit,0.0
hpc,9,testfile1,256-bit,0.0
hpc,9,testfile1,Scalar,0.0
hpc,9,testfile1,DP FLOPs,19.0
hpc,9,testfile1,Packed,0.0
hpc,9,testfile1,128-bit,0.0
hpc,9,testfile1,256-bit,0.0
hpc,9,testfile1,Scalar,100.0
hpc,9,testfile1,x87 FLOPs,0.0
hpc,9,testfile1,Non-FP,81.0
hpc,9,testfile1,FP Arith/Mem Rd Instr. Ratio,0.611028
hpc,9,testfile1,FP Arith/Mem Wr Instr. Ratio,3.443610
hpc,9,testfile1,Application Command Line,"leukocyte ""1"" ""9"" ""../../data/leukocyte/testfile.avi"""
hpc,9,testfile1,Operating System,"3.10.0-1160.15.2.1chaos.ch6.x86_64 NAME=""Red Hat Enterprise Linux Server"" VERSION=""7.9 (Maipo)"" ID=""rhel"" ID_LIKE=""fedora"" VARIANT=""Server"" VARIANT_ID=""server"" VERSION_ID=""7.9"" PRETTY_NAME=""Red Hat Enterprise Linux Server 7.9 (Maipo)"" ANSI_COLOR=""0;31"" CPE_NAME=""cpe:/o:redhat:enterprise_linux:7.9:GA:server"" HOME_URL=""https://www.redhat.com/"" BUG_REPORT_URL=""https://bugzilla.redhat.com/""  REDHAT_BUGZILLA_PRODUCT=""Red Hat Enterprise Linux 7"" REDHAT_BUGZILLA_PRODUCT_VERSION=7.9 REDHAT_SUPPORT_PRODUCT=""Red Hat Enterprise Linux"" REDHAT_SUPPORT_PRODUCT_VERSION=""7.9"""
hpc,9,testfile1,Computer Name,quartz2943
hpc,9,testfile1,Result Size,5257841
hpc,9,testfile1,Collection start time,00:27:53 22/04/2021 UTC
hpc,9,testfile1,Collection stop time,00:27:53 22/04/2021 UTC
hpc,9,testfile1,Collector Type,Driverless Perf per-process sampling
hpc,9,testfile1,Name,Intel(R) Xeon(R) Processor code named Broadwell
hpc,9,testfile1,Frequency,2095147449
hpc,9,testfile1,Logical CPU Count,72
vtuneCategory,threadcount,inputinfo,metric,value
tr,4,testfile1,Metric Name,Metric Value
tr,4,testfile1,Elapsed Time,0.611234
tr,4,testfile1,Paused Time,0.0
tr,4,testfile1,Effective CPU Utilization,3.9% (2.796 out of 72 logical CPUs)
tr,4,testfile1,OpenMP Analysis. Collection Time,0.611234
tr,4,testfile1,Serial Time (outside parallel regions),0.129s (21.1%)
tr,4,testfile1,Parallel Region Time,0.482s (78.9%)
tr,4,testfile1,Estimated Ideal Time,0.437s (71.6%)
tr,4,testfile1,OpenMP Potential Gain,0.045s (7.3%)
tr,4,testfile1,Total Thread Count,4
tr,4,testfile1,Thread Oversubscription,0s (0.0% of CPU Time)
tr,4,testfile1,Wait Time with poor CPU Utilization,0.001s (100.0% of Wait Time)
tr,4,testfile1,Spin and Overhead Time,0.290s (14.6% of CPU Time)
tr,4,testfile1,Application Command Line,"leukocyte ""1"" ""4"" ""../../data/leukocyte/testfile.avi"""
tr,4,testfile1,Operating System,"3.10.0-1160.15.2.1chaos.ch6.x86_64 NAME=""Red Hat Enterprise Linux Server"" VERSION=""7.9 (Maipo)"" ID=""rhel"" ID_LIKE=""fedora"" VARIANT=""Server"" VARIANT_ID=""server"" VERSION_ID=""7.9"" PRETTY_NAME=""Red Hat Enterprise Linux Server 7.9 (Maipo)"" ANSI_COLOR=""0;31"" CPE_NAME=""cpe:/o:redhat:enterprise_linux:7.9:GA:server"" HOME_URL=""https://www.redhat.com/"" BUG_REPORT_URL=""https://bugzilla.redhat.com/""  REDHAT_BUGZILLA_PRODUCT=""Red Hat Enterprise Linux 7"" REDHAT_BUGZILLA_PRODUCT_VERSION=7.9 REDHAT_SUPPORT_PRODUCT=""Red Hat Enterprise Linux"" REDHAT_SUPPORT_PRODUCT_VERSION=""7.9"""
tr,4,testfile1,Computer Name,quartz2943
tr,4,testfile1,Result Size,3805405
tr,4,testfile1,Collection start time,00:28:11 22/04/2021 UTC
tr,4,testfile1,Collection stop time,00:28:12 22/04/2021 UTC
tr,4,testfile1,Collector Type,User-mode sampling and tracing
tr,4,testfile1,Name,Intel(R) Xeon(R) Processor code named Broadwell
tr,4,testfile1,Frequency,2095147484
tr,4,testfile1,Logical CPU Count,72
vtuneCategory,threadcount,inputinfo,metric,value
hpc,4,testfile1,Metric Name,Metric Value
hpc,4,testfile1,Elapsed Time,0.617246
hpc,4,testfile1,SP GFLOPS,0.0
hpc,4,testfile1,DP GFLOPS,4.520086
hpc,4,testfile1,x87 GFLOPS,0.0
hpc,4,testfile1,CPI Rate,0.385714
hpc,4,testfile1,Average CPU Frequency,3119091863.684211
hpc,4,testfile1,Total Thread Count,4
hpc,4,testfile1,Effective Physical Core Utilization,8.6% (3.102 out of 36)
hpc,4,testfile1,Effective Logical Core Utilization,4.2% (3.053 out of 72)
hpc,4,testfile1,Serial Time (outside parallel regions),0.119s (19.3%)
hpc,4,testfile1,Parallel Region Time,0.498s (80.7%)
hpc,4,testfile1,Estimated Ideal Time,0.460s (74.5%)
hpc,4,testfile1,OpenMP Potential Gain,0.038s (6.1%)
hpc,4,testfile1,Memory Bound,2.4
hpc,4,testfile1,Cache Bound,1.4
hpc,4,testfile1,DRAM Bound,0.0
hpc,4,testfile1,NUMA: % of Remote Accesses,0.0
hpc,4,testfile1,Vectorization,0.0
hpc,4,testfile1,SP FLOPs,0.0
hpc,4,testfile1,Packed,0.0
hpc,4,testfile1,128-bit,0.0
hpc,4,testfile1,256-bit,0.0
hpc,4,testfile1,Scalar,0.0
hpc,4,testfile1,DP FLOPs,24.6
hpc,4,testfile1,Packed,0.0
hpc,4,testfile1,128-bit,0.0
hpc,4,testfile1,256-bit,0.0
hpc,4,testfile1,Scalar,100.0
hpc,4,testfile1,x87 FLOPs,0.0
hpc,4,testfile1,Non-FP,75.4
hpc,4,testfile1,FP Arith/Mem Rd Instr. Ratio,0.783796
hpc,4,testfile1,FP Arith/Mem Wr Instr. Ratio,4.492626
hpc,4,testfile1,Application Command Line,"leukocyte ""1"" ""4"" ""../../data/leukocyte/testfile.avi"""
hpc,4,testfile1,Operating System,"3.10.0-1160.15.2.1chaos.ch6.x86_64 NAME=""Red Hat Enterprise Linux Server"" VERSION=""7.9 (Maipo)"" ID=""rhel"" ID_LIKE=""fedora"" VARIANT=""Server"" VARIANT_ID=""server"" VERSION_ID=""7.9"" PRETTY_NAME=""Red Hat Enterprise Linux Server 7.9 (Maipo)"" ANSI_COLOR=""0;31"" CPE_NAME=""cpe:/o:redhat:enterprise_linux:7.9:GA:server"" HOME_URL=""https://www.redhat.com/"" BUG_REPORT_URL=""https://bugzilla.redhat.com/""  REDHAT_BUGZILLA_PRODUCT=""Red Hat Enterprise Linux 7"" REDHAT_BUGZILLA_PRODUCT_VERSION=7.9 REDHAT_SUPPORT_PRODUCT=""Red Hat Enterprise Linux"" REDHAT_SUPPORT_PRODUCT_VERSION=""7.9"""
hpc,4,testfile1,Computer Name,quartz2943
hpc,4,testfile1,Result Size,4808078
hpc,4,testfile1,Collection start time,00:28:28 22/04/2021 UTC
hpc,4,testfile1,Collection stop time,00:28:29 22/04/2021 UTC
hpc,4,testfile1,Collector Type,Driverless Perf per-process sampling
hpc,4,testfile1,Name,Intel(R) Xeon(R) Processor code named Broadwell
hpc,4,testfile1,Frequency,2095147565
hpc,4,testfile1,Logical CPU Count,72
vtuneCategory,threadcount,inputinfo,metric,value
tr,36,testfile2,Metric Name,Metric Value
tr,36,testfile2,Elapsed Time,0.687115
tr,36,testfile2,Paused Time,0.0
tr,36,testfile2,Effective CPU Utilization,9.7% (7.000 out of 72 logical CPUs)
tr,36,testfile2,OpenMP Analysis. Collection Time,0.687115
tr,36,testfile2,Serial Time (outside parallel regions),0.435s (63.4%)
tr,36,testfile2,Parallel Region Time,0.252s (36.6%)
tr,36,testfile2,Estimated Ideal Time,0.145s (21.2%)
tr,36,testfile2,OpenMP Potential Gain,0.106s (15.5%)
tr,36,testfile2,Total Thread Count,36
tr,36,testfile2,Thread Oversubscription,0s (0.0% of CPU Time)
tr,36,testfile2,Wait Time with poor CPU Utilization,1.981s (100.0% of Wait Time)
tr,36,testfile2,Spin and Overhead Time,7.069s (61.4% of CPU Time)
tr,36,testfile2,Application Command Line,"leukocyte ""2"" ""36"" ""../../data/leukocyte/testfile.avi"""
tr,36,testfile2,Operating System,"3.10.0-1160.15.2.1chaos.ch6.x86_64 NAME=""Red Hat Enterprise Linux Server"" VERSION=""7.9 (Maipo)"" ID=""rhel"" ID_LIKE=""fedora"" VARIANT=""Server"" VARIANT_ID=""server"" VERSION_ID=""7.9"" PRETTY_NAME=""Red Hat Enterprise Linux Server 7.9 (Maipo)"" ANSI_COLOR=""0;31"" CPE_NAME=""cpe:/o:redhat:enterprise_linux:7.9:GA:server"" HOME_URL=""https://www.redhat.com/"" BUG_REPORT_URL=""https://bugzilla.redhat.com/""  REDHAT_BUGZILLA_PRODUCT=""Red Hat Enterprise Linux 7"" REDHAT_BUGZILLA_PRODUCT_VERSION=7.9 REDHAT_SUPPORT_PRODUCT=""Red Hat Enterprise Linux"" REDHAT_SUPPORT_PRODUCT_VERSION=""7.9"""
tr,36,testfile2,Computer Name,quartz2943
tr,36,testfile2,Result Size,4397636
tr,36,testfile2,Collection start time,00:28:46 22/04/2021 UTC
tr,36,testfile2,Collection stop time,00:28:47 22/04/2021 UTC
tr,36,testfile2,Collector Type,User-mode sampling and tracing
tr,36,testfile2,Name,Intel(R) Xeon(R) Processor code named Broadwell
tr,36,testfile2,Frequency,2095148379
tr,36,testfile2,Logical CPU Count,72
vtuneCategory,threadcount,inputinfo,metric,value
hpc,36,testfile2,Metric Name,Metric Value
hpc,36,testfile2,Elapsed Time,0.837923
hpc,36,testfile2,SP GFLOPS,0.0
hpc,36,testfile2,DP GFLOPS,5.155610
hpc,36,testfile2,x87 GFLOPS,0.0
hpc,36,testfile2,CPI Rate,0.751085
hpc,36,testfile2,Average CPU Frequency,2656037257.415730
hpc,36,testfile2,Total Thread Count,36
hpc,36,testfile2,Effective Physical Core Utilization,14.4% (5.181 out of 36)
hpc,36,testfile2,Effective Logical Core Utilization,12.0% (8.625 out of 72)
hpc,36,testfile2,Serial Time (outside parallel regions),0.307s (36.7%)
hpc,36,testfile2,Parallel Region Time,0.531s (63.3%)
hpc,36,testfile2,Estimated Ideal Time,0.445s (53.2%)
hpc,36,testfile2,OpenMP Potential Gain,0.085s (10.2%)
hpc,36,testfile2,Memory Bound,11.6
hpc,36,testfile2,Cache Bound,8.9
hpc,36,testfile2,DRAM Bound,0.0
hpc,36,testfile2,NUMA: % of Remote Accesses,0.0
hpc,36,testfile2,Vectorization,0.0
hpc,36,testfile2,SP FLOPs,0.0
hpc,36,testfile2,Packed,0.0
hpc,36,testfile2,128-bit,0.0
hpc,36,testfile2,256-bit,0.0
hpc,36,testfile2,Scalar,0.0
hpc,36,testfile2,DP FLOPs,17.0
hpc,36,testfile2,Packed,0.0
hpc,36,testfile2,128-bit,0.0
hpc,36,testfile2,256-bit,0.0
hpc,36,testfile2,Scalar,100.0
hpc,36,testfile2,x87 FLOPs,0.0
hpc,36,testfile2,Non-FP,83.0
hpc,36,testfile2,FP Arith/Mem Rd Instr. Ratio,0.521724
hpc,36,testfile2,FP Arith/Mem Wr Instr. Ratio,2.659204
hpc,36,testfile2,Application Command Line,"leukocyte ""2"" ""36"" ""../../data/leukocyte/testfile.avi"""
hpc,36,testfile2,Operating System,"3.10.0-1160.15.2.1chaos.ch6.x86_64 NAME=""Red Hat Enterprise Linux Server"" VERSION=""7.9 (Maipo)"" ID=""rhel"" ID_LIKE=""fedora"" VARIANT=""Server"" VARIANT_ID=""server"" VERSION_ID=""7.9"" PRETTY_NAME=""Red Hat Enterprise Linux Server 7.9 (Maipo)"" ANSI_COLOR=""0;31"" CPE_NAME=""cpe:/o:redhat:enterprise_linux:7.9:GA:server"" HOME_URL=""https://www.redhat.com/"" BUG_REPORT_URL=""https://bugzilla.redhat.com/""  REDHAT_BUGZILLA_PRODUCT=""Red Hat Enterprise Linux 7"" REDHAT_BUGZILLA_PRODUCT_VERSION=7.9 REDHAT_SUPPORT_PRODUCT=""Red Hat Enterprise Linux"" REDHAT_SUPPORT_PRODUCT_VERSION=""7.9"""
hpc,36,testfile2,Computer Name,quartz2943
hpc,36,testfile2,Result Size,7449971
hpc,36,testfile2,Collection start time,00:29:02 22/04/2021 UTC
hpc,36,testfile2,Collection stop time,00:29:03 22/04/2021 UTC
hpc,36,testfile2,Collector Type,Driverless Perf per-process sampling
hpc,36,testfile2,Name,Intel(R) Xeon(R) Processor code named Broadwell
hpc,36,testfile2,Frequency,2095147694
hpc,36,testfile2,Logical CPU Count,72
vtuneCategory,threadcount,inputinfo,metric,value
tr,18,testfile2,Metric Name,Metric Value
tr,18,testfile2,Elapsed Time,0.554418
tr,18,testfile2,Paused Time,0.0
tr,18,testfile2,Effective CPU Utilization,10.6% (7.604 out of 72 logical CPUs)
tr,18,testfile2,OpenMP Analysis. Collection Time,0.554418
tr,18,testfile2,Serial Time (outside parallel regions),0.245s (44.2%)
tr,18,testfile2,Parallel Region Time,0.309s (55.8%)
tr,18,testfile2,Estimated Ideal Time,0.237s (42.7%)
tr,18,testfile2,OpenMP Potential Gain,0.073s (13.1%)
tr,18,testfile2,Total Thread Count,18
tr,18,testfile2,Thread Oversubscription,0s (0.0% of CPU Time)
tr,18,testfile2,Wait Time with poor CPU Utilization,0.342s (100.0% of Wait Time)
tr,18,testfile2,Spin and Overhead Time,2.150s (33.9% of CPU Time)
tr,18,testfile2,Application Command Line,"leukocyte ""2"" ""18"" ""../../data/leukocyte/testfile.avi"""
tr,18,testfile2,Operating System,"3.10.0-1160.15.2.1chaos.ch6.x86_64 NAME=""Red Hat Enterprise Linux Server"" VERSION=""7.9 (Maipo)"" ID=""rhel"" ID_LIKE=""fedora"" VARIANT=""Server"" VARIANT_ID=""server"" VERSION_ID=""7.9"" PRETTY_NAME=""Red Hat Enterprise Linux Server 7.9 (Maipo)"" ANSI_COLOR=""0;31"" CPE_NAME=""cpe:/o:redhat:enterprise_linux:7.9:GA:server"" HOME_URL=""https://www.redhat.com/"" BUG_REPORT_URL=""https://bugzilla.redhat.com/""  REDHAT_BUGZILLA_PRODUCT=""Red Hat Enterprise Linux 7"" REDHAT_BUGZILLA_PRODUCT_VERSION=7.9 REDHAT_SUPPORT_PRODUCT=""Red Hat Enterprise Linux"" REDHAT_SUPPORT_PRODUCT_VERSION=""7.9"""
tr,18,testfile2,Computer Name,quartz2943
tr,18,testfile2,Result Size,4133636
tr,18,testfile2,Collection start time,00:29:21 22/04/2021 UTC
tr,18,testfile2,Collection stop time,00:29:21 22/04/2021 UTC
tr,18,testfile2,Collector Type,User-mode sampling and tracing
tr,18,testfile2,Name,Intel(R) Xeon(R) Processor code named Broadwell
tr,18,testfile2,Frequency,2095147567
tr,18,testfile2,Logical CPU Count,72
vtuneCategory,threadcount,inputinfo,metric,value
hpc,18,testfile2,Metric Name,Metric Value
hpc,18,testfile2,Elapsed Time,0.581086
hpc,18,testfile2,SP GFLOPS,0.0
hpc,18,testfile2,DP GFLOPS,7.744135
hpc,18,testfile2,x87 GFLOPS,0.0
hpc,18,testfile2,CPI Rate,0.459132
hpc,18,testfile2,Average CPU Frequency,2680297028.969072
hpc,18,testfile2,Total Thread Count,18
hpc,18,testfile2,Effective Physical Core Utilization,21.4% (7.718 out of 36)
hpc,18,testfile2,Effective Logical Core Utilization,10.1% (7.253 out of 72)
hpc,18,testfile2,Serial Time (outside parallel regions),0.199s (34.3%)
hpc,18,testfile2,Parallel Region Time,0.382s (65.7%)
hpc,18,testfile2,Estimated Ideal Time,0.321s (55.2%)
hpc,18,testfile2,OpenMP Potential Gain,0.061s (10.5%)
hpc,18,testfile2,Memory Bound,5.6
hpc,18,testfile2,Cache Bound,3.8
hpc,18,testfile2,DRAM Bound,0.0
hpc,18,testfile2,NUMA: % of Remote Accesses,0.0
hpc,18,testfile2,Vectorization,0.0
hpc,18,testfile2,SP FLOPs,0.0
hpc,18,testfile2,Packed,0.0
hpc,18,testfile2,128-bit,0.0
hpc,18,testfile2,256-bit,0.0
hpc,18,testfile2,Scalar,0.0
hpc,18,testfile2,DP FLOPs,20.5
hpc,18,testfile2,Packed,0.0
hpc,18,testfile2,128-bit,0.0
hpc,18,testfile2,256-bit,0.0
hpc,18,testfile2,Scalar,100.0
hpc,18,testfile2,x87 FLOPs,0.0
hpc,18,testfile2,Non-FP,79.5
hpc,18,testfile2,FP Arith/Mem Rd Instr. Ratio,0.644727
hpc,18,testfile2,FP Arith/Mem Wr Instr. Ratio,3.636260
hpc,18,testfile2,Application Command Line,"leukocyte ""2"" ""18"" ""../../data/leukocyte/testfile.avi"""
hpc,18,testfile2,Operating System,"3.10.0-1160.15.2.1chaos.ch6.x86_64 NAME=""Red Hat Enterprise Linux Server"" VERSION=""7.9 (Maipo)"" ID=""rhel"" ID_LIKE=""fedora"" VARIANT=""Server"" VARIANT_ID=""server"" VERSION_ID=""7.9"" PRETTY_NAME=""Red Hat Enterprise Linux Server 7.9 (Maipo)"" ANSI_COLOR=""0;31"" CPE_NAME=""cpe:/o:redhat:enterprise_linux:7.9:GA:server"" HOME_URL=""https://www.redhat.com/"" BUG_REPORT_URL=""https://bugzilla.redhat.com/""  REDHAT_BUGZILLA_PRODUCT=""Red Hat Enterprise Linux 7"" REDHAT_BUGZILLA_PRODUCT_VERSION=7.9 REDHAT_SUPPORT_PRODUCT=""Red Hat Enterprise Linux"" REDHAT_SUPPORT_PRODUCT_VERSION=""7.9"""
hpc,18,testfile2,Computer Name,quartz2943
hpc,18,testfile2,Result Size,6261577
hpc,18,testfile2,Collection start time,00:29:36 22/04/2021 UTC
hpc,18,testfile2,Collection stop time,00:29:36 22/04/2021 UTC
hpc,18,testfile2,Collector Type,Driverless Perf per-process sampling
hpc,18,testfile2,Name,Intel(R) Xeon(R) Processor code named Broadwell
hpc,18,testfile2,Frequency,2095147934
hpc,18,testfile2,Logical CPU Count,72
vtuneCategory,threadcount,inputinfo,metric,value
tr,9,testfile2,Metric Name,Metric Value
tr,9,testfile2,Elapsed Time,0.674921
tr,9,testfile2,Paused Time,0.0
tr,9,testfile2,Effective CPU Utilization,7.5% (5.406 out of 72 logical CPUs)
tr,9,testfile2,OpenMP Analysis. Collection Time,0.674921
tr,9,testfile2,Serial Time (outside parallel regions),0.164s (24.3%)
tr,9,testfile2,Parallel Region Time,0.511s (75.7%)
tr,9,testfile2,Estimated Ideal Time,0.414s (61.4%)
tr,9,testfile2,OpenMP Potential Gain,0.097s (14.3%)
tr,9,testfile2,Total Thread Count,9
tr,9,testfile2,Thread Oversubscription,0s (0.0% of CPU Time)
tr,9,testfile2,Wait Time with poor CPU Utilization,0.017s (100.0% of Wait Time)
tr,9,testfile2,Spin and Overhead Time,1.190s (24.7% of CPU Time)
tr,9,testfile2,Application Command Line,"leukocyte ""2"" ""9"" ""../../data/leukocyte/testfile.avi"""
tr,9,testfile2,Operating System,"3.10.0-1160.15.2.1chaos.ch6.x86_64 NAME=""Red Hat Enterprise Linux Server"" VERSION=""7.9 (Maipo)"" ID=""rhel"" ID_LIKE=""fedora"" VARIANT=""Server"" VARIANT_ID=""server"" VERSION_ID=""7.9"" PRETTY_NAME=""Red Hat Enterprise Linux Server 7.9 (Maipo)"" ANSI_COLOR=""0;31"" CPE_NAME=""cpe:/o:redhat:enterprise_linux:7.9:GA:server"" HOME_URL=""https://www.redhat.com/"" BUG_REPORT_URL=""https://bugzilla.redhat.com/""  REDHAT_BUGZILLA_PRODUCT=""Red Hat Enterprise Linux 7"" REDHAT_BUGZILLA_PRODUCT_VERSION=7.9 REDHAT_SUPPORT_PRODUCT=""Red Hat Enterprise Linux"" REDHAT_SUPPORT_PRODUCT_VERSION=""7.9"""
tr,9,testfile2,Computer Name,quartz2943
tr,9,testfile2,Result Size,3941809
tr,9,testfile2,Collection start time,00:29:54 22/04/2021 UTC
tr,9,testfile2,Collection stop time,00:29:55 22/04/2021 UTC
tr,9,testfile2,Collector Type,User-mode sampling and tracing
tr,9,testfile2,Name,Intel(R) Xeon(R) Processor code named Broadwell
tr,9,testfile2,Frequency,2095148325
tr,9,testfile2,Logical CPU Count,72
vtuneCategory,threadcount,inputinfo,metric,value
hpc,9,testfile2,Metric Name,Metric Value
hpc,9,testfile2,Elapsed Time,0.679885
hpc,9,testfile2,SP GFLOPS,0.0
hpc,9,testfile2,DP GFLOPS,7.280653
hpc,9,testfile2,x87 GFLOPS,0.0
hpc,9,testfile2,CPI Rate,0.425683
hpc,9,testfile2,Average CPU Frequency,2718030770.594595
hpc,9,testfile2,Total Thread Count,9
hpc,9,testfile2,Effective Physical Core Utilization,16.2% (5.840 out of 36)
hpc,9,testfile2,Effective Logical Core Utilization,8.1% (5.801 out of 72)
hpc,9,testfile2,Serial Time (outside parallel regions),0.148s (21.8%)
hpc,9,testfile2,Parallel Region Time,0.532s (78.2%)
hpc,9,testfile2,Estimated Ideal Time,0.452s (66.5%)
hpc,9,testfile2,OpenMP Potential Gain,0.080s (11.7%)
hpc,9,testfile2,Memory Bound,2.9
hpc,9,testfile2,Cache Bound,2.1
hpc,9,testfile2,DRAM Bound,1.4
hpc,9,testfile2,NUMA: % of Remote Accesses,0.0
hpc,9,testfile2,Vectorization,0.0
hpc,9,testfile2,SP FLOPs,0.0
hpc,9,testfile2,Packed,0.0
hpc,9,testfile2,128-bit,0.0
hpc,9,testfile2,256-bit,0.0
hpc,9,testfile2,Scalar,0.0
hpc,9,testfile2,DP FLOPs,23.3
hpc,9,testfile2,Packed,0.0
hpc,9,testfile2,128-bit,0.0
hpc,9,testfile2,256-bit,0.0
hpc,9,testfile2,Scalar,100.0
hpc,9,testfile2,x87 FLOPs,0.0
hpc,9,testfile2,Non-FP,76.7
hpc,9,testfile2,FP Arith/Mem Rd Instr. Ratio,0.764930
hpc,9,testfile2,FP Arith/Mem Wr Instr. Ratio,4.166548
hpc,9,testfile2,Application Command Line,"leukocyte ""2"" ""9"" ""../../data/leukocyte/testfile.avi"""
hpc,9,testfile2,Operating System,"3.10.0-1160.15.2.1chaos.ch6.x86_64 NAME=""Red Hat Enterprise Linux Server"" VERSION=""7.9 (Maipo)"" ID=""rhel"" ID_LIKE=""fedora"" VARIANT=""Server"" VARIANT_ID=""server"" VERSION_ID=""7.9"" PRETTY_NAME=""Red Hat Enterprise Linux Server 7.9 (Maipo)"" ANSI_COLOR=""0;31"" CPE_NAME=""cpe:/o:redhat:enterprise_linux:7.9:GA:server"" HOME_URL=""https://www.redhat.com/"" BUG_REPORT_URL=""https://bugzilla.redhat.com/""  REDHAT_BUGZILLA_PRODUCT=""Red Hat Enterprise Linux 7"" REDHAT_BUGZILLA_PRODUCT_VERSION=7.9 REDHAT_SUPPORT_PRODUCT=""Red Hat Enterprise Linux"" REDHAT_SUPPORT_PRODUCT_VERSION=""7.9"""
hpc,9,testfile2,Computer Name,quartz2943
hpc,9,testfile2,Result Size,5940155
hpc,9,testfile2,Collection start time,00:30:09 22/04/2021 UTC
hpc,9,testfile2,Collection stop time,00:30:10 22/04/2021 UTC
hpc,9,testfile2,Collector Type,Driverless Perf per-process sampling
hpc,9,testfile2,Name,Intel(R) Xeon(R) Processor code named Broadwell
hpc,9,testfile2,Frequency,2095148719
hpc,9,testfile2,Logical CPU Count,72
vtuneCategory,threadcount,inputinfo,metric,value
tr,4,testfile2,Metric Name,Metric Value
tr,4,testfile2,Elapsed Time,0.978648
tr,4,testfile2,Paused Time,0.0
tr,4,testfile2,Effective CPU Utilization,4.3% (3.119 out of 72 logical CPUs)
tr,4,testfile2,OpenMP Analysis. Collection Time,0.978648
tr,4,testfile2,Serial Time (outside parallel regions),0.133s (13.6%)
tr,4,testfile2,Parallel Region Time,0.846s (86.4%)
tr,4,testfile2,Estimated Ideal Time,0.773s (79.0%)
tr,4,testfile2,OpenMP Potential Gain,0.072s (7.4%)
tr,4,testfile2,Total Thread Count,4
tr,4,testfile2,Thread Oversubscription,0s (0.0% of CPU Time)
tr,4,testfile2,Wait Time with poor CPU Utilization,0.001s (100.0% of Wait Time)
tr,4,testfile2,Spin and Overhead Time,0.420s (12.1% of CPU Time)
tr,4,testfile2,Application Command Line,"leukocyte ""2"" ""4"" ""../../data/leukocyte/testfile.avi"""
tr,4,testfile2,Operating System,"3.10.0-1160.15.2.1chaos.ch6.x86_64 NAME=""Red Hat Enterprise Linux Server"" VERSION=""7.9 (Maipo)"" ID=""rhel"" ID_LIKE=""fedora"" VARIANT=""Server"" VARIANT_ID=""server"" VERSION_ID=""7.9"" PRETTY_NAME=""Red Hat Enterprise Linux Server 7.9 (Maipo)"" ANSI_COLOR=""0;31"" CPE_NAME=""cpe:/o:redhat:enterprise_linux:7.9:GA:server"" HOME_URL=""https://www.redhat.com/"" BUG_REPORT_URL=""https://bugzilla.redhat.com/""  REDHAT_BUGZILLA_PRODUCT=""Red Hat Enterprise Linux 7"" REDHAT_BUGZILLA_PRODUCT_VERSION=7.9 REDHAT_SUPPORT_PRODUCT=""Red Hat Enterprise Linux"" REDHAT_SUPPORT_PRODUCT_VERSION=""7.9"""
tr,4,testfile2,Computer Name,quartz2943
tr,4,testfile2,Result Size,3850051
tr,4,testfile2,Collection start time,00:30:28 22/04/2021 UTC
tr,4,testfile2,Collection stop time,00:30:29 22/04/2021 UTC
tr,4,testfile2,Collector Type,User-mode sampling and tracing
tr,4,testfile2,Name,Intel(R) Xeon(R) Processor code named Broadwell
tr,4,testfile2,Frequency,2095147703
tr,4,testfile2,Logical CPU Count,72
vtuneCategory,threadcount,inputinfo,metric,value
hpc,4,testfile2,Metric Name,Metric Value
hpc,4,testfile2,Elapsed Time,0.979230
hpc,4,testfile2,SP GFLOPS,0.0
hpc,4,testfile2,DP GFLOPS,5.514547
hpc,4,testfile2,x87 GFLOPS,0.0
hpc,4,testfile2,CPI Rate,0.392186
hpc,4,testfile2,Average CPU Frequency,3202540241.481698
hpc,4,testfile2,Total Thread Count,4
hpc,4,testfile2,Effective Physical Core Utilization,9.2% (3.299 out of 36)
hpc,4,testfile2,Effective Logical Core Utilization,4.5% (3.270 out of 72)
hpc,4,testfile2,Serial Time (outside parallel regions),0.117s (12.0%)
hpc,4,testfile2,Parallel Region Time,0.862s (88.0%)
hpc,4,testfile2,Estimated Ideal Time,0.797s (81.4%)
hpc,4,testfile2,OpenMP Potential Gain,0.065s (6.6%)
hpc,4,testfile2,Memory Bound,8.1
hpc,4,testfile2,Cache Bound,3.3
hpc,4,testfile2,DRAM Bound,0.0
hpc,4,testfile2,NUMA: % of Remote Accesses,0.0
hpc,4,testfile2,Vectorization,0.0
hpc,4,testfile2,SP FLOPs,0.0
hpc,4,testfile2,Packed,0.0
hpc,4,testfile2,128-bit,0.0
hpc,4,testfile2,256-bit,0.0
hpc,4,testfile2,Scalar,0.0
hpc,4,testfile2,DP FLOPs,27.8
hpc,4,testfile2,Packed,0.0
hpc,4,testfile2,128-bit,0.0
hpc,4,testfile2,256-bit,0.0
hpc,4,testfile2,Scalar,100.0
hpc,4,testfile2,x87 FLOPs,0.0
hpc,4,testfile2,Non-FP,72.2
hpc,4,testfile2,FP Arith/Mem Rd Instr. Ratio,0.913912
hpc,4,testfile2,FP Arith/Mem Wr Instr. Ratio,5.020777
hpc,4,testfile2,Application Command Line,"leukocyte ""2"" ""4"" ""../../data/leukocyte/testfile.avi"""
hpc,4,testfile2,Operating System,"3.10.0-1160.15.2.1chaos.ch6.x86_64 NAME=""Red Hat Enterprise Linux Server"" VERSION=""7.9 (Maipo)"" ID=""rhel"" ID_LIKE=""fedora"" VARIANT=""Server"" VARIANT_ID=""server"" VERSION_ID=""7.9"" PRETTY_NAME=""Red Hat Enterprise Linux Server 7.9 (Maipo)"" ANSI_COLOR=""0;31"" CPE_NAME=""cpe:/o:redhat:enterprise_linux:7.9:GA:server"" HOME_URL=""https://www.redhat.com/"" BUG_REPORT_URL=""https://bugzilla.redhat.com/""  REDHAT_BUGZILLA_PRODUCT=""Red Hat Enterprise Linux 7"" REDHAT_BUGZILLA_PRODUCT_VERSION=7.9 REDHAT_SUPPORT_PRODUCT=""Red Hat Enterprise Linux"" REDHAT_SUPPORT_PRODUCT_VERSION=""7.9"""
hpc,4,testfile2,Computer Name,quartz2943
hpc,4,testfile2,Result Size,5588537
hpc,4,testfile2,Collection start time,00:30:43 22/04/2021 UTC
hpc,4,testfile2,Collection stop time,00:30:44 22/04/2021 UTC
hpc,4,testfile2,Collector Type,Driverless Perf per-process sampling
hpc,4,testfile2,Name,Intel(R) Xeon(R) Processor code named Broadwell
hpc,4,testfile2,Frequency,2095148453
hpc,4,testfile2,Logical CPU Count,72
vtuneCategory,threadcount,inputinfo,metric,value
tr,36,testfile3,Metric Name,Metric Value
tr,36,testfile3,Elapsed Time,0.708098
tr,36,testfile3,Paused Time,0.0
tr,36,testfile3,Effective CPU Utilization,12.9% (9.257 out of 72 logical CPUs)
tr,36,testfile3,OpenMP Analysis. Collection Time,0.708098
tr,36,testfile3,Serial Time (outside parallel regions),0.392s (55.4%)
tr,36,testfile3,Parallel Region Time,0.316s (44.6%)
tr,36,testfile3,Estimated Ideal Time,0.193s (27.2%)
tr,36,testfile3,OpenMP Potential Gain,0.123s (17.4%)
tr,36,testfile3,Total Thread Count,36
tr,36,testfile3,Thread Oversubscription,0s (0.0% of CPU Time)
tr,36,testfile3,Wait Time with poor CPU Utilization,1.735s (100.0% of Wait Time)
tr,36,testfile3,Spin and Overhead Time,7.599s (54.2% of CPU Time)
tr,36,testfile3,Application Command Line,"leukocyte ""3"" ""36"" ""../../data/leukocyte/testfile.avi"""
tr,36,testfile3,Operating System,"3.10.0-1160.15.2.1chaos.ch6.x86_64 NAME=""Red Hat Enterprise Linux Server"" VERSION=""7.9 (Maipo)"" ID=""rhel"" ID_LIKE=""fedora"" VARIANT=""Server"" VARIANT_ID=""server"" VERSION_ID=""7.9"" PRETTY_NAME=""Red Hat Enterprise Linux Server 7.9 (Maipo)"" ANSI_COLOR=""0;31"" CPE_NAME=""cpe:/o:redhat:enterprise_linux:7.9:GA:server"" HOME_URL=""https://www.redhat.com/"" BUG_REPORT_URL=""https://bugzilla.redhat.com/""  REDHAT_BUGZILLA_PRODUCT=""Red Hat Enterprise Linux 7"" REDHAT_BUGZILLA_PRODUCT_VERSION=7.9 REDHAT_SUPPORT_PRODUCT=""Red Hat Enterprise Linux"" REDHAT_SUPPORT_PRODUCT_VERSION=""7.9"""
tr,36,testfile3,Computer Name,quartz2943
tr,36,testfile3,Result Size,4547881
tr,36,testfile3,Collection start time,00:31:01 22/04/2021 UTC
tr,36,testfile3,Collection stop time,00:31:02 22/04/2021 UTC
tr,36,testfile3,Collector Type,User-mode sampling and tracing
tr,36,testfile3,Name,Intel(R) Xeon(R) Processor code named Broadwell
tr,36,testfile3,Frequency,2095147734
tr,36,testfile3,Logical CPU Count,72
vtuneCategory,threadcount,inputinfo,metric,value
hpc,36,testfile3,Metric Name,Metric Value
hpc,36,testfile3,Elapsed Time,0.974699
hpc,36,testfile3,SP GFLOPS,0.0
hpc,36,testfile3,DP GFLOPS,7.479244
hpc,36,testfile3,x87 GFLOPS,0.0
hpc,36,testfile3,CPI Rate,0.729064
hpc,36,testfile3,Average CPU Frequency,2649329105.737273
hpc,36,testfile3,Total Thread Count,36
hpc,36,testfile3,Effective Physical Core Utilization,17.5% (6.306 out of 36)
hpc,36,testfile3,Effective Logical Core Utilization,14.2% (10.201 out of 72)
hpc,36,testfile3,Serial Time (outside parallel regions),0.309s (31.7%)
hpc,36,testfile3,Parallel Region Time,0.666s (68.3%)
hpc,36,testfile3,Estimated Ideal Time,0.544s (55.8%)
hpc,36,testfile3,OpenMP Potential Gain,0.122s (12.5%)
hpc,36,testfile3,Memory Bound,9.8
hpc,36,testfile3,Cache Bound,8.0
hpc,36,testfile3,DRAM Bound,0.0
hpc,36,testfile3,NUMA: % of Remote Accesses,0.0
hpc,36,testfile3,Vectorization,0.0
hpc,36,testfile3,SP FLOPs,0.0
hpc,36,testfile3,Packed,0.0
hpc,36,testfile3,128-bit,0.0
hpc,36,testfile3,256-bit,0.0
hpc,36,testfile3,Scalar,0.0
hpc,36,testfile3,DP FLOPs,20.6
hpc,36,testfile3,Packed,0.0
hpc,36,testfile3,128-bit,0.0
hpc,36,testfile3,256-bit,0.0
hpc,36,testfile3,Scalar,100.0
hpc,36,testfile3,x87 FLOPs,0.0
hpc,36,testfile3,Non-FP,79.4
hpc,36,testfile3,FP Arith/Mem Rd Instr. Ratio,0.625465
hpc,36,testfile3,FP Arith/Mem Wr Instr. Ratio,3.016674
hpc,36,testfile3,Application Command Line,"leukocyte ""3"" ""36"" ""../../data/leukocyte/testfile.avi"""
hpc,36,testfile3,Operating System,"3.10.0-1160.15.2.1chaos.ch6.x86_64 NAME=""Red Hat Enterprise Linux Server"" VERSION=""7.9 (Maipo)"" ID=""rhel"" ID_LIKE=""fedora"" VARIANT=""Server"" VARIANT_ID=""server"" VERSION_ID=""7.9"" PRETTY_NAME=""Red Hat Enterprise Linux Server 7.9 (Maipo)"" ANSI_COLOR=""0;31"" CPE_NAME=""cpe:/o:redhat:enterprise_linux:7.9:GA:server"" HOME_URL=""https://www.redhat.com/"" BUG_REPORT_URL=""https://bugzilla.redhat.com/""  REDHAT_BUGZILLA_PRODUCT=""Red Hat Enterprise Linux 7"" REDHAT_BUGZILLA_PRODUCT_VERSION=7.9 REDHAT_SUPPORT_PRODUCT=""Red Hat Enterprise Linux"" REDHAT_SUPPORT_PRODUCT_VERSION=""7.9"""
hpc,36,testfile3,Computer Name,quartz2943
hpc,36,testfile3,Result Size,8835610
hpc,36,testfile3,Collection start time,00:31:17 22/04/2021 UTC
hpc,36,testfile3,Collection stop time,00:31:18 22/04/2021 UTC
hpc,36,testfile3,Collector Type,Driverless Perf per-process sampling
hpc,36,testfile3,Name,Intel(R) Xeon(R) Processor code named Broadwell
hpc,36,testfile3,Frequency,2095147933
hpc,36,testfile3,Logical CPU Count,72
vtuneCategory,threadcount,inputinfo,metric,value
tr,18,testfile3,Metric Name,Metric Value
tr,18,testfile3,Elapsed Time,0.667927
tr,18,testfile3,Paused Time,0.0
tr,18,testfile3,Effective CPU Utilization,11.8% (8.522 out of 72 logical CPUs)
tr,18,testfile3,OpenMP Analysis. Collection Time,0.667927
tr,18,testfile3,Serial Time (outside parallel regions),0.240s (35.9%)
tr,18,testfile3,Parallel Region Time,0.428s (64.1%)
tr,18,testfile3,Estimated Ideal Time,0.319s (47.8%)
tr,18,testfile3,OpenMP Potential Gain,0.109s (16.3%)
tr,18,testfile3,Total Thread Count,18
tr,18,testfile3,Thread Oversubscription,0s (0.0% of CPU Time)
tr,18,testfile3,Wait Time with poor CPU Utilization,0.287s (100.0% of Wait Time)
tr,18,testfile3,Spin and Overhead Time,2.880s (33.7% of CPU Time)
tr,18,testfile3,Application Command Line,"leukocyte ""3"" ""18"" ""../../data/leukocyte/testfile.avi"""
tr,18,testfile3,Operating System,"3.10.0-1160.15.2.1chaos.ch6.x86_64 NAME=""Red Hat Enterprise Linux Server"" VERSION=""7.9 (Maipo)"" ID=""rhel"" ID_LIKE=""fedora"" VARIANT=""Server"" VARIANT_ID=""server"" VERSION_ID=""7.9"" PRETTY_NAME=""Red Hat Enterprise Linux Server 7.9 (Maipo)"" ANSI_COLOR=""0;31"" CPE_NAME=""cpe:/o:redhat:enterprise_linux:7.9:GA:server"" HOME_URL=""https://www.redhat.com/"" BUG_REPORT_URL=""https://bugzilla.redhat.com/""  REDHAT_BUGZILLA_PRODUCT=""Red Hat Enterprise Linux 7"" REDHAT_BUGZILLA_PRODUCT_VERSION=7.9 REDHAT_SUPPORT_PRODUCT=""Red Hat Enterprise Linux"" REDHAT_SUPPORT_PRODUCT_VERSION=""7.9"""
tr,18,testfile3,Computer Name,quartz2943
tr,18,testfile3,Result Size,4250652
tr,18,testfile3,Collection start time,00:31:36 22/04/2021 UTC
tr,18,testfile3,Collection stop time,00:31:37 22/04/2021 UTC
tr,18,testfile3,Collector Type,User-mode sampling and tracing
tr,18,testfile3,Name,Intel(R) Xeon(R) Processor code named Broadwell
tr,18,testfile3,Frequency,2095147416
tr,18,testfile3,Logical CPU Count,72
vtuneCategory,threadcount,inputinfo,metric,value
hpc,18,testfile3,Metric Name,Metric Value
hpc,18,testfile3,Elapsed Time,0.845616
hpc,18,testfile3,SP GFLOPS,0.0
hpc,18,testfile3,DP GFLOPS,7.556631
hpc,18,testfile3,x87 GFLOPS,0.0
hpc,18,testfile3,CPI Rate,0.504906
hpc,18,testfile3,Average CPU Frequency,2642097678.290890
hpc,18,testfile3,Total Thread Count,18
hpc,18,testfile3,Effective Physical Core Utilization,21.7% (7.802 out of 36)
hpc,18,testfile3,Effective Logical Core Utilization,10.7% (7.675 out of 72)
hpc,18,testfile3,Serial Time (outside parallel regions),0.211s (25.0%)
hpc,18,testfile3,Parallel Region Time,0.634s (75.0%)
hpc,18,testfile3,Estimated Ideal Time,0.452s (53.4%)
hpc,18,testfile3,OpenMP Potential Gain,0.183s (21.6%)
hpc,18,testfile3,Memory Bound,3.2
hpc,18,testfile3,Cache Bound,1.4
hpc,18,testfile3,DRAM Bound,0.0
hpc,18,testfile3,NUMA: % of Remote Accesses,0.0
hpc,18,testfile3,Vectorization,0.0
hpc,18,testfile3,SP FLOPs,0.0
hpc,18,testfile3,Packed,0.0
hpc,18,testfile3,128-bit,0.0
hpc,18,testfile3,256-bit,0.0
hpc,18,testfile3,Scalar,0.0
hpc,18,testfile3,DP FLOPs,17.7
hpc,18,testfile3,Packed,0.0
hpc,18,testfile3,128-bit,0.0
hpc,18,testfile3,256-bit,0.0
hpc,18,testfile3,Scalar,100.0
hpc,18,testfile3,x87 FLOPs,0.0
hpc,18,testfile3,Non-FP,82.3
hpc,18,testfile3,FP Arith/Mem Rd Instr. Ratio,0.571642
hpc,18,testfile3,FP Arith/Mem Wr Instr. Ratio,2.989388
hpc,18,testfile3,Application Command Line,"leukocyte ""3"" ""18"" ""../../data/leukocyte/testfile.avi"""
hpc,18,testfile3,Operating System,"3.10.0-1160.15.2.1chaos.ch6.x86_64 NAME=""Red Hat Enterprise Linux Server"" VERSION=""7.9 (Maipo)"" ID=""rhel"" ID_LIKE=""fedora"" VARIANT=""Server"" VARIANT_ID=""server"" VERSION_ID=""7.9"" PRETTY_NAME=""Red Hat Enterprise Linux Server 7.9 (Maipo)"" ANSI_COLOR=""0;31"" CPE_NAME=""cpe:/o:redhat:enterprise_linux:7.9:GA:server"" HOME_URL=""https://www.redhat.com/"" BUG_REPORT_URL=""https://bugzilla.redhat.com/""  REDHAT_BUGZILLA_PRODUCT=""Red Hat Enterprise Linux 7"" REDHAT_BUGZILLA_PRODUCT_VERSION=7.9 REDHAT_SUPPORT_PRODUCT=""Red Hat Enterprise Linux"" REDHAT_SUPPORT_PRODUCT_VERSION=""7.9"""
hpc,18,testfile3,Computer Name,quartz2943
hpc,18,testfile3,Result Size,7734797
hpc,18,testfile3,Collection start time,00:31:53 22/04/2021 UTC
hpc,18,testfile3,Collection stop time,00:31:54 22/04/2021 UTC
hpc,18,testfile3,Collector Type,Driverless Perf per-process sampling
hpc,18,testfile3,Name,Intel(R) Xeon(R) Processor code named Broadwell
hpc,18,testfile3,Frequency,2095148856
hpc,18,testfile3,Logical CPU Count,72
vtuneCategory,threadcount,inputinfo,metric,value
tr,9,testfile3,Metric Name,Metric Value
tr,9,testfile3,Elapsed Time,0.905676
tr,9,testfile3,Paused Time,0.0
tr,9,testfile3,Effective CPU Utilization,7.9% (5.720 out of 72 logical CPUs)
tr,9,testfile3,OpenMP Analysis. Collection Time,0.905676
tr,9,testfile3,Serial Time (outside parallel regions),0.187s (20.6%)
tr,9,testfile3,Parallel Region Time,0.719s (79.4%)
tr,9,testfile3,Estimated Ideal Time,0.575s (63.5%)
tr,9,testfile3,OpenMP Potential Gain,0.143s (15.8%)
tr,9,testfile3,Total Thread Count,9
tr,9,testfile3,Thread Oversubscription,0s (0.0% of CPU Time)
tr,9,testfile3,Wait Time with poor CPU Utilization,0.006s (100.0% of Wait Time)
tr,9,testfile3,Spin and Overhead Time,1.610s (23.8% of CPU Time)
tr,9,testfile3,Application Command Line,"leukocyte ""3"" ""9"" ""../../data/leukocyte/testfile.avi"""
tr,9,testfile3,Operating System,"3.10.0-1160.15.2.1chaos.ch6.x86_64 NAME=""Red Hat Enterprise Linux Server"" VERSION=""7.9 (Maipo)"" ID=""rhel"" ID_LIKE=""fedora"" VARIANT=""Server"" VARIANT_ID=""server"" VERSION_ID=""7.9"" PRETTY_NAME=""Red Hat Enterprise Linux Server 7.9 (Maipo)"" ANSI_COLOR=""0;31"" CPE_NAME=""cpe:/o:redhat:enterprise_linux:7.9:GA:server"" HOME_URL=""https://www.redhat.com/"" BUG_REPORT_URL=""https://bugzilla.redhat.com/""  REDHAT_BUGZILLA_PRODUCT=""Red Hat Enterprise Linux 7"" REDHAT_BUGZILLA_PRODUCT_VERSION=7.9 REDHAT_SUPPORT_PRODUCT=""Red Hat Enterprise Linux"" REDHAT_SUPPORT_PRODUCT_VERSION=""7.9"""
tr,9,testfile3,Computer Name,quartz2943
tr,9,testfile3,Result Size,4224028
tr,9,testfile3,Collection start time,00:32:12 22/04/2021 UTC
tr,9,testfile3,Collection stop time,00:32:13 22/04/2021 UTC
tr,9,testfile3,Collector Type,User-mode sampling and tracing
tr,9,testfile3,Name,Intel(R) Xeon(R) Processor code named Broadwell
tr,9,testfile3,Frequency,2095147821
tr,9,testfile3,Logical CPU Count,72
vtuneCategory,threadcount,inputinfo,metric,value
hpc,9,testfile3,Metric Name,Metric Value
hpc,9,testfile3,Elapsed Time,0.902463
hpc,9,testfile3,SP GFLOPS,0.0
hpc,9,testfile3,DP GFLOPS,7.978179
hpc,9,testfile3,x87 GFLOPS,0.0
hpc,9,testfile3,CPI Rate,0.429748
hpc,9,testfile3,Average CPU Frequency,2766752985.156442
hpc,9,testfile3,Total Thread Count,9
hpc,9,testfile3,Effective Physical Core Utilization,17.2% (6.183 out of 36)
hpc,9,testfile3,Effective Logical Core Utilization,8.5% (6.125 out of 72)
hpc,9,testfile3,Serial Time (outside parallel regions),0.160s (17.8%)
hpc,9,testfile3,Parallel Region Time,0.742s (82.2%)
hpc,9,testfile3,Estimated Ideal Time,0.616s (68.3%)
hpc,9,testfile3,OpenMP Potential Gain,0.126s (14.0%)
hpc,9,testfile3,Memory Bound,10.4
hpc,9,testfile3,Cache Bound,6.0
hpc,9,testfile3,DRAM Bound,0.0
hpc,9,testfile3,NUMA: % of Remote Accesses,0.0
hpc,9,testfile3,Vectorization,0.0
hpc,9,testfile3,SP FLOPs,0.0
hpc,9,testfile3,Packed,0.0
hpc,9,testfile3,128-bit,0.0
hpc,9,testfile3,256-bit,0.0
hpc,9,testfile3,Scalar,0.0
hpc,9,testfile3,DP FLOPs,23.3
hpc,9,testfile3,Packed,0.0
hpc,9,testfile3,128-bit,0.0
hpc,9,testfile3,256-bit,0.0
hpc,9,testfile3,Scalar,100.0
hpc,9,testfile3,x87 FLOPs,0.0
hpc,9,testfile3,Non-FP,76.7
hpc,9,testfile3,FP Arith/Mem Rd Instr. Ratio,0.772552
hpc,9,testfile3,FP Arith/Mem Wr Instr. Ratio,4.071131
hpc,9,testfile3,Application Command Line,"leukocyte ""3"" ""9"" ""../../data/leukocyte/testfile.avi"""
hpc,9,testfile3,Operating System,"3.10.0-1160.15.2.1chaos.ch6.x86_64 NAME=""Red Hat Enterprise Linux Server"" VERSION=""7.9 (Maipo)"" ID=""rhel"" ID_LIKE=""fedora"" VARIANT=""Server"" VARIANT_ID=""server"" VERSION_ID=""7.9"" PRETTY_NAME=""Red Hat Enterprise Linux Server 7.9 (Maipo)"" ANSI_COLOR=""0;31"" CPE_NAME=""cpe:/o:redhat:enterprise_linux:7.9:GA:server"" HOME_URL=""https://www.redhat.com/"" BUG_REPORT_URL=""https://bugzilla.redhat.com/""  REDHAT_BUGZILLA_PRODUCT=""Red Hat Enterprise Linux 7"" REDHAT_BUGZILLA_PRODUCT_VERSION=7.9 REDHAT_SUPPORT_PRODUCT=""Red Hat Enterprise Linux"" REDHAT_SUPPORT_PRODUCT_VERSION=""7.9"""
hpc,9,testfile3,Computer Name,quartz2943
hpc,9,testfile3,Result Size,6966720
hpc,9,testfile3,Collection start time,00:32:27 22/04/2021 UTC
hpc,9,testfile3,Collection stop time,00:32:28 22/04/2021 UTC
hpc,9,testfile3,Collector Type,Driverless Perf per-process sampling
hpc,9,testfile3,Name,Intel(R) Xeon(R) Processor code named Broadwell
hpc,9,testfile3,Frequency,2095148602
hpc,9,testfile3,Logical CPU Count,72
vtuneCategory,threadcount,inputinfo,metric,value
tr,4,testfile3,Metric Name,Metric Value
tr,4,testfile3,Elapsed Time,1.347062
tr,4,testfile3,Paused Time,0.0
tr,4,testfile3,Effective CPU Utilization,4.5% (3.264 out of 72 logical CPUs)
tr,4,testfile3,OpenMP Analysis. Collection Time,1.347062
tr,4,testfile3,Serial Time (outside parallel regions),0.128s (9.5%)
tr,4,testfile3,Parallel Region Time,1.219s (90.5%)
tr,4,testfile3,Estimated Ideal Time,1.097s (81.5%)
tr,4,testfile3,OpenMP Potential Gain,0.122s (9.0%)
tr,4,testfile3,Total Thread Count,4
tr,4,testfile3,Thread Oversubscription,0s (0.0% of CPU Time)
tr,4,testfile3,Wait Time with poor CPU Utilization,0.001s (100.0% of Wait Time)
tr,4,testfile3,Spin and Overhead Time,0.570s (11.5% of CPU Time)
tr,4,testfile3,Application Command Line,"leukocyte ""3"" ""4"" ""../../data/leukocyte/testfile.avi"""
tr,4,testfile3,Operating System,"3.10.0-1160.15.2.1chaos.ch6.x86_64 NAME=""Red Hat Enterprise Linux Server"" VERSION=""7.9 (Maipo)"" ID=""rhel"" ID_LIKE=""fedora"" VARIANT=""Server"" VARIANT_ID=""server"" VERSION_ID=""7.9"" PRETTY_NAME=""Red Hat Enterprise Linux Server 7.9 (Maipo)"" ANSI_COLOR=""0;31"" CPE_NAME=""cpe:/o:redhat:enterprise_linux:7.9:GA:server"" HOME_URL=""https://www.redhat.com/"" BUG_REPORT_URL=""https://bugzilla.redhat.com/""  REDHAT_BUGZILLA_PRODUCT=""Red Hat Enterprise Linux 7"" REDHAT_BUGZILLA_PRODUCT_VERSION=7.9 REDHAT_SUPPORT_PRODUCT=""Red Hat Enterprise Linux"" REDHAT_SUPPORT_PRODUCT_VERSION=""7.9"""
tr,4,testfile3,Computer Name,quartz2943
tr,4,testfile3,Result Size,4034561
tr,4,testfile3,Collection start time,00:32:46 22/04/2021 UTC
tr,4,testfile3,Collection stop time,00:32:48 22/04/2021 UTC
tr,4,testfile3,Collector Type,User-mode sampling and tracing
tr,4,testfile3,Name,Intel(R) Xeon(R) Processor code named Broadwell
tr,4,testfile3,Frequency,2095147669
tr,4,testfile3,Logical CPU Count,72
vtuneCategory,threadcount,inputinfo,metric,value
hpc,4,testfile3,Metric Name,Metric Value
hpc,4,testfile3,Elapsed Time,1.363788
hpc,4,testfile3,SP GFLOPS,0.0
hpc,4,testfile3,DP GFLOPS,5.609383
hpc,4,testfile3,x87 GFLOPS,0.0
hpc,4,testfile3,CPI Rate,0.394083
hpc,4,testfile3,Average CPU Frequency,3209404904.878850
hpc,4,testfile3,Total Thread Count,4
hpc,4,testfile3,Effective Physical Core Utilization,9.2% (3.330 out of 36)
hpc,4,testfile3,Effective Logical Core Utilization,4.6% (3.289 out of 72)
hpc,4,testfile3,Serial Time (outside parallel regions),0.131s (9.6%)
hpc,4,testfile3,Parallel Region Time,1.233s (90.4%)
hpc,4,testfile3,Estimated Ideal Time,1.120s (82.1%)
hpc,4,testfile3,OpenMP Potential Gain,0.113s (8.3%)
hpc,4,testfile3,Memory Bound,8.8
hpc,4,testfile3,Cache Bound,2.3
hpc,4,testfile3,DRAM Bound,0.6
hpc,4,testfile3,NUMA: % of Remote Accesses,0.0
hpc,4,testfile3,Vectorization,0.0
hpc,4,testfile3,SP FLOPs,0.0
hpc,4,testfile3,Packed,0.0
hpc,4,testfile3,128-bit,0.0
hpc,4,testfile3,256-bit,0.0
hpc,4,testfile3,Scalar,0.0
hpc,4,testfile3,DP FLOPs,27.0
hpc,4,testfile3,Packed,0.0
hpc,4,testfile3,128-bit,0.0
hpc,4,testfile3,256-bit,0.0
hpc,4,testfile3,Scalar,100.0
hpc,4,testfile3,x87 FLOPs,0.0
hpc,4,testfile3,Non-FP,73.0
hpc,4,testfile3,FP Arith/Mem Rd Instr. Ratio,0.911014
hpc,4,testfile3,FP Arith/Mem Wr Instr. Ratio,5.059380
hpc,4,testfile3,Application Command Line,"leukocyte ""3"" ""4"" ""../../data/leukocyte/testfile.avi"""
hpc,4,testfile3,Operating System,"3.10.0-1160.15.2.1chaos.ch6.x86_64 NAME=""Red Hat Enterprise Linux Server"" VERSION=""7.9 (Maipo)"" ID=""rhel"" ID_LIKE=""fedora"" VARIANT=""Server"" VARIANT_ID=""server"" VERSION_ID=""7.9"" PRETTY_NAME=""Red Hat Enterprise Linux Server 7.9 (Maipo)"" ANSI_COLOR=""0;31"" CPE_NAME=""cpe:/o:redhat:enterprise_linux:7.9:GA:server"" HOME_URL=""https://www.redhat.com/"" BUG_REPORT_URL=""https://bugzilla.redhat.com/""  REDHAT_BUGZILLA_PRODUCT=""Red Hat Enterprise Linux 7"" REDHAT_BUGZILLA_PRODUCT_VERSION=7.9 REDHAT_SUPPORT_PRODUCT=""Red Hat Enterprise Linux"" REDHAT_SUPPORT_PRODUCT_VERSION=""7.9"""
hpc,4,testfile3,Computer Name,quartz2943
hpc,4,testfile3,Result Size,6324662
hpc,4,testfile3,Collection start time,00:33:02 22/04/2021 UTC
hpc,4,testfile3,Collection stop time,00:33:03 22/04/2021 UTC
hpc,4,testfile3,Collector Type,Driverless Perf per-process sampling
hpc,4,testfile3,Name,Intel(R) Xeon(R) Processor code named Broadwell
hpc,4,testfile3,Frequency,2095147706
hpc,4,testfile3,Logical CPU Count,72
vtuneCategory,threadcount,inputinfo,metric,value
tr,36,testfile4,Metric Name,Metric Value
tr,36,testfile4,Elapsed Time,0.763862
tr,36,testfile4,Paused Time,0.0
tr,36,testfile4,Effective CPU Utilization,14.6% (10.534 out of 72 logical CPUs)
tr,36,testfile4,OpenMP Analysis. Collection Time,0.763862
tr,36,testfile4,Serial Time (outside parallel regions),0.359s (47.0%)
tr,36,testfile4,Parallel Region Time,0.405s (53.0%)
tr,36,testfile4,Estimated Ideal Time,0.241s (31.5%)
tr,36,testfile4,OpenMP Potential Gain,0.164s (21.5%)
tr,36,testfile4,Total Thread Count,36
tr,36,testfile4,Thread Oversubscription,0s (0.0% of CPU Time)
tr,36,testfile4,Wait Time with poor CPU Utilization,1.751s (100.0% of Wait Time)
tr,36,testfile4,Spin and Overhead Time,8.889s (52.8% of CPU Time)
tr,36,testfile4,Application Command Line,"leukocyte ""4"" ""36"" ""../../data/leukocyte/testfile.avi"""
tr,36,testfile4,Operating System,"3.10.0-1160.15.2.1chaos.ch6.x86_64 NAME=""Red Hat Enterprise Linux Server"" VERSION=""7.9 (Maipo)"" ID=""rhel"" ID_LIKE=""fedora"" VARIANT=""Server"" VARIANT_ID=""server"" VERSION_ID=""7.9"" PRETTY_NAME=""Red Hat Enterprise Linux Server 7.9 (Maipo)"" ANSI_COLOR=""0;31"" CPE_NAME=""cpe:/o:redhat:enterprise_linux:7.9:GA:server"" HOME_URL=""https://www.redhat.com/"" BUG_REPORT_URL=""https://bugzilla.redhat.com/""  REDHAT_BUGZILLA_PRODUCT=""Red Hat Enterprise Linux 7"" REDHAT_BUGZILLA_PRODUCT_VERSION=7.9 REDHAT_SUPPORT_PRODUCT=""Red Hat Enterprise Linux"" REDHAT_SUPPORT_PRODUCT_VERSION=""7.9"""
tr,36,testfile4,Computer Name,quartz2943
tr,36,testfile4,Result Size,4582103
tr,36,testfile4,Collection start time,00:33:21 22/04/2021 UTC
tr,36,testfile4,Collection stop time,00:33:22 22/04/2021 UTC
tr,36,testfile4,Collector Type,User-mode sampling and tracing
tr,36,testfile4,Name,Intel(R) Xeon(R) Processor code named Broadwell
tr,36,testfile4,Frequency,2095147763
tr,36,testfile4,Logical CPU Count,72
vtuneCategory,threadcount,inputinfo,metric,value
hpc,36,testfile4,Metric Name,Metric Value
hpc,36,testfile4,Elapsed Time,1.207898
hpc,36,testfile4,SP GFLOPS,0.0
hpc,36,testfile4,DP GFLOPS,7.450970
hpc,36,testfile4,x87 GFLOPS,0.0
hpc,36,testfile4,CPI Rate,0.667219
hpc,36,testfile4,Average CPU Frequency,2619822962.275268
hpc,36,testfile4,Total Thread Count,36
hpc,36,testfile4,Effective Physical Core Utilization,21.2% (7.633 out of 36)
hpc,36,testfile4,Effective Logical Core Utilization,13.8% (9.929 out of 72)
hpc,36,testfile4,Serial Time (outside parallel regions),0.294s (24.4%)
hpc,36,testfile4,Parallel Region Time,0.914s (75.6%)
hpc,36,testfile4,Estimated Ideal Time,0.729s (60.3%)
hpc,36,testfile4,OpenMP Potential Gain,0.185s (15.3%)
hpc,36,testfile4,Memory Bound,9.0
hpc,36,testfile4,Cache Bound,5.4
hpc,36,testfile4,DRAM Bound,0.0
hpc,36,testfile4,NUMA: % of Remote Accesses,0.0
hpc,36,testfile4,Vectorization,0.0
hpc,36,testfile4,SP FLOPs,0.0
hpc,36,testfile4,Packed,0.0
hpc,36,testfile4,128-bit,0.0
hpc,36,testfile4,256-bit,0.0
hpc,36,testfile4,Scalar,0.0
hpc,36,testfile4,DP FLOPs,18.2
hpc,36,testfile4,Packed,0.0
hpc,36,testfile4,128-bit,0.0
hpc,36,testfile4,256-bit,0.0
hpc,36,testfile4,Scalar,100.0
hpc,36,testfile4,x87 FLOPs,0.0
hpc,36,testfile4,Non-FP,81.8
hpc,36,testfile4,FP Arith/Mem Rd Instr. Ratio,0.584266
hpc,36,testfile4,FP Arith/Mem Wr Instr. Ratio,2.617726
hpc,36,testfile4,Application Command Line,"leukocyte ""4"" ""36"" ""../../data/leukocyte/testfile.avi"""
hpc,36,testfile4,Operating System,"3.10.0-1160.15.2.1chaos.ch6.x86_64 NAME=""Red Hat Enterprise Linux Server"" VERSION=""7.9 (Maipo)"" ID=""rhel"" ID_LIKE=""fedora"" VARIANT=""Server"" VARIANT_ID=""server"" VERSION_ID=""7.9"" PRETTY_NAME=""Red Hat Enterprise Linux Server 7.9 (Maipo)"" ANSI_COLOR=""0;31"" CPE_NAME=""cpe:/o:redhat:enterprise_linux:7.9:GA:server"" HOME_URL=""https://www.redhat.com/"" BUG_REPORT_URL=""https://bugzilla.redhat.com/""  REDHAT_BUGZILLA_PRODUCT=""Red Hat Enterprise Linux 7"" REDHAT_BUGZILLA_PRODUCT_VERSION=7.9 REDHAT_SUPPORT_PRODUCT=""Red Hat Enterprise Linux"" REDHAT_SUPPORT_PRODUCT_VERSION=""7.9"""
hpc,36,testfile4,Computer Name,quartz2943
hpc,36,testfile4,Result Size,10054673
hpc,36,testfile4,Collection start time,00:33:37 22/04/2021 UTC
hpc,36,testfile4,Collection stop time,00:33:38 22/04/2021 UTC
hpc,36,testfile4,Collector Type,Driverless Perf per-process sampling
hpc,36,testfile4,Name,Intel(R) Xeon(R) Processor code named Broadwell
hpc,36,testfile4,Frequency,2095148551
hpc,36,testfile4,Logical CPU Count,72
vtuneCategory,threadcount,inputinfo,metric,value
tr,18,testfile4,Metric Name,Metric Value
tr,18,testfile4,Elapsed Time,0.806165
tr,18,testfile4,Paused Time,0.0
tr,18,testfile4,Effective CPU Utilization,12.8% (9.231 out of 72 logical CPUs)
tr,18,testfile4,OpenMP Analysis. Collection Time,0.806165
tr,18,testfile4,Serial Time (outside parallel regions),0.263s (32.6%)
tr,18,testfile4,Parallel Region Time,0.543s (67.4%)
tr,18,testfile4,Estimated Ideal Time,0.425s (52.7%)
tr,18,testfile4,OpenMP Potential Gain,0.118s (14.7%)
tr,18,testfile4,Total Thread Count,18
tr,18,testfile4,Thread Oversubscription,0s (0.0% of CPU Time)
tr,18,testfile4,Wait Time with poor CPU Utilization,0.350s (100.0% of Wait Time)
tr,18,testfile4,Spin and Overhead Time,3.239s (30.4% of CPU Time)
tr,18,testfile4,Application Command Line,"leukocyte ""4"" ""18"" ""../../data/leukocyte/testfile.avi"""
tr,18,testfile4,Operating System,"3.10.0-1160.15.2.1chaos.ch6.x86_64 NAME=""Red Hat Enterprise Linux Server"" VERSION=""7.9 (Maipo)"" ID=""rhel"" ID_LIKE=""fedora"" VARIANT=""Server"" VARIANT_ID=""server"" VERSION_ID=""7.9"" PRETTY_NAME=""Red Hat Enterprise Linux Server 7.9 (Maipo)"" ANSI_COLOR=""0;31"" CPE_NAME=""cpe:/o:redhat:enterprise_linux:7.9:GA:server"" HOME_URL=""https://www.redhat.com/"" BUG_REPORT_URL=""https://bugzilla.redhat.com/""  REDHAT_BUGZILLA_PRODUCT=""Red Hat Enterprise Linux 7"" REDHAT_BUGZILLA_PRODUCT_VERSION=7.9 REDHAT_SUPPORT_PRODUCT=""Red Hat Enterprise Linux"" REDHAT_SUPPORT_PRODUCT_VERSION=""7.9"""
tr,18,testfile4,Computer Name,quartz2943
tr,18,testfile4,Result Size,4301693
tr,18,testfile4,Collection start time,00:33:57 22/04/2021 UTC
tr,18,testfile4,Collection stop time,00:33:58 22/04/2021 UTC
tr,18,testfile4,Collector Type,User-mode sampling and tracing
tr,18,testfile4,Name,Intel(R) Xeon(R) Processor code named Broadwell
tr,18,testfile4,Frequency,2095147592
tr,18,testfile4,Logical CPU Count,72
vtuneCategory,threadcount,inputinfo,metric,value
hpc,18,testfile4,Metric Name,Metric Value
hpc,18,testfile4,Elapsed Time,0.854934
hpc,18,testfile4,SP GFLOPS,0.0
hpc,18,testfile4,DP GFLOPS,11.685129
hpc,18,testfile4,x87 GFLOPS,0.0
hpc,18,testfile4,CPI Rate,0.452663
hpc,18,testfile4,Average CPU Frequency,2638334192.370370
hpc,18,testfile4,Total Thread Count,18
hpc,18,testfile4,Effective Physical Core Utilization,25.2% (9.076 out of 36)
hpc,18,testfile4,Effective Logical Core Utilization,12.5% (9.016 out of 72)
hpc,18,testfile4,Serial Time (outside parallel regions),0.190s (22.2%)
hpc,18,testfile4,Parallel Region Time,0.665s (77.8%)
hpc,18,testfile4,Estimated Ideal Time,0.548s (64.1%)
hpc,18,testfile4,OpenMP Potential Gain,0.117s (13.7%)
hpc,18,testfile4,Memory Bound,3.5
hpc,18,testfile4,Cache Bound,1.4
hpc,18,testfile4,DRAM Bound,0.0
hpc,18,testfile4,NUMA: % of Remote Accesses,0.0
hpc,18,testfile4,Vectorization,0.0
hpc,18,testfile4,SP FLOPs,0.0
hpc,18,testfile4,Packed,0.0
hpc,18,testfile4,128-bit,0.0
hpc,18,testfile4,256-bit,0.0
hpc,18,testfile4,Scalar,0.0
hpc,18,testfile4,DP FLOPs,24.3
hpc,18,testfile4,Packed,0.0
hpc,18,testfile4,128-bit,0.0
hpc,18,testfile4,256-bit,0.0
hpc,18,testfile4,Scalar,100.0
hpc,18,testfile4,x87 FLOPs,0.0
hpc,18,testfile4,Non-FP,75.7
hpc,18,testfile4,FP Arith/Mem Rd Instr. Ratio,0.795106
hpc,18,testfile4,FP Arith/Mem Wr Instr. Ratio,4.133960
hpc,18,testfile4,Application Command Line,"leukocyte ""4"" ""18"" ""../../data/leukocyte/testfile.avi"""
hpc,18,testfile4,Operating System,"3.10.0-1160.15.2.1chaos.ch6.x86_64 NAME=""Red Hat Enterprise Linux Server"" VERSION=""7.9 (Maipo)"" ID=""rhel"" ID_LIKE=""fedora"" VARIANT=""Server"" VARIANT_ID=""server"" VERSION_ID=""7.9"" PRETTY_NAME=""Red Hat Enterprise Linux Server 7.9 (Maipo)"" ANSI_COLOR=""0;31"" CPE_NAME=""cpe:/o:redhat:enterprise_linux:7.9:GA:server"" HOME_URL=""https://www.redhat.com/"" BUG_REPORT_URL=""https://bugzilla.redhat.com/""  REDHAT_BUGZILLA_PRODUCT=""Red Hat Enterprise Linux 7"" REDHAT_BUGZILLA_PRODUCT_VERSION=7.9 REDHAT_SUPPORT_PRODUCT=""Red Hat Enterprise Linux"" REDHAT_SUPPORT_PRODUCT_VERSION=""7.9"""
hpc,18,testfile4,Computer Name,quartz2943
hpc,18,testfile4,Result Size,7955273
hpc,18,testfile4,Collection start time,00:34:13 22/04/2021 UTC
hpc,18,testfile4,Collection stop time,00:34:14 22/04/2021 UTC
hpc,18,testfile4,Collector Type,Driverless Perf per-process sampling
hpc,18,testfile4,Name,Intel(R) Xeon(R) Processor code named Broadwell
hpc,18,testfile4,Frequency,2095147741
hpc,18,testfile4,Logical CPU Count,72
vtuneCategory,threadcount,inputinfo,metric,value
tr,9,testfile4,Metric Name,Metric Value
tr,9,testfile4,Elapsed Time,1.077645
tr,9,testfile4,Paused Time,0.0
tr,9,testfile4,Effective CPU Utilization,8.3% (5.996 out of 72 logical CPUs)
tr,9,testfile4,OpenMP Analysis. Collection Time,1.077645
tr,9,testfile4,Serial Time (outside parallel regions),0.176s (16.3%)
tr,9,testfile4,Parallel Region Time,0.902s (83.7%)
tr,9,testfile4,Estimated Ideal Time,0.724s (67.2%)
tr,9,testfile4,OpenMP Potential Gain,0.178s (16.5%)
tr,9,testfile4,Total Thread Count,9
tr,9,testfile4,Thread Oversubscription,0s (0.0% of CPU Time)
tr,9,testfile4,Wait Time with poor CPU Utilization,0.033s (100.0% of Wait Time)
tr,9,testfile4,Spin and Overhead Time,1.970s (23.5% of CPU Time)
tr,9,testfile4,Application Command Line,"leukocyte ""4"" ""9"" ""../../data/leukocyte/testfile.avi"""
tr,9,testfile4,Operating System,"3.10.0-1160.15.2.1chaos.ch6.x86_64 NAME=""Red Hat Enterprise Linux Server"" VERSION=""7.9 (Maipo)"" ID=""rhel"" ID_LIKE=""fedora"" VARIANT=""Server"" VARIANT_ID=""server"" VERSION_ID=""7.9"" PRETTY_NAME=""Red Hat Enterprise Linux Server 7.9 (Maipo)"" ANSI_COLOR=""0;31"" CPE_NAME=""cpe:/o:redhat:enterprise_linux:7.9:GA:server"" HOME_URL=""https://www.redhat.com/"" BUG_REPORT_URL=""https://bugzilla.redhat.com/""  REDHAT_BUGZILLA_PRODUCT=""Red Hat Enterprise Linux 7"" REDHAT_BUGZILLA_PRODUCT_VERSION=7.9 REDHAT_SUPPORT_PRODUCT=""Red Hat Enterprise Linux"" REDHAT_SUPPORT_PRODUCT_VERSION=""7.9"""
tr,9,testfile4,Computer Name,quartz2943
tr,9,testfile4,Result Size,4179100
tr,9,testfile4,Collection start time,00:34:32 22/04/2021 UTC
tr,9,testfile4,Collection stop time,00:34:33 22/04/2021 UTC
tr,9,testfile4,Collector Type,User-mode sampling and tracing
tr,9,testfile4,Name,Intel(R) Xeon(R) Processor code named Broadwell
tr,9,testfile4,Frequency,2095148370
tr,9,testfile4,Logical CPU Count,72
vtuneCategory,threadcount,inputinfo,metric,value
hpc,9,testfile4,Metric Name,Metric Value
hpc,9,testfile4,Elapsed Time,1.131646
hpc,9,testfile4,SP GFLOPS,0.0
hpc,9,testfile4,DP GFLOPS,8.907389
hpc,9,testfile4,x87 GFLOPS,0.0
hpc,9,testfile4,CPI Rate,0.427828
hpc,9,testfile4,Average CPU Frequency,2712086264.046648
hpc,9,testfile4,Total Thread Count,9
hpc,9,testfile4,Effective Physical Core Utilization,18.1% (6.531 out of 36)
hpc,9,testfile4,Effective Logical Core Utilization,9.0% (6.483 out of 72)
hpc,9,testfile4,Serial Time (outside parallel regions),0.156s (13.8%)
hpc,9,testfile4,Parallel Region Time,0.976s (86.2%)
hpc,9,testfile4,Estimated Ideal Time,0.811s (71.7%)
hpc,9,testfile4,OpenMP Potential Gain,0.165s (14.6%)
hpc,9,testfile4,Memory Bound,10.5
hpc,9,testfile4,Cache Bound,4.6
hpc,9,testfile4,DRAM Bound,0.8
hpc,9,testfile4,NUMA: % of Remote Accesses,0.0
hpc,9,testfile4,Vectorization,0.0
hpc,9,testfile4,SP FLOPs,0.0
hpc,9,testfile4,Packed,0.0
hpc,9,testfile4,128-bit,0.0
hpc,9,testfile4,256-bit,0.0
hpc,9,testfile4,Scalar,0.0
hpc,9,testfile4,DP FLOPs,25.3
hpc,9,testfile4,Packed,0.0
hpc,9,testfile4,128-bit,0.0
hpc,9,testfile4,256-bit,0.0
hpc,9,testfile4,Scalar,100.0
hpc,9,testfile4,x87 FLOPs,0.0
hpc,9,testfile4,Non-FP,74.7
hpc,9,testfile4,FP Arith/Mem Rd Instr. Ratio,0.840186
hpc,9,testfile4,FP Arith/Mem Wr Instr. Ratio,4.453153
hpc,9,testfile4,Application Command Line,"leukocyte ""4"" ""9"" ""../../data/leukocyte/testfile.avi"""
hpc,9,testfile4,Operating System,"3.10.0-1160.15.2.1chaos.ch6.x86_64 NAME=""Red Hat Enterprise Linux Server"" VERSION=""7.9 (Maipo)"" ID=""rhel"" ID_LIKE=""fedora"" VARIANT=""Server"" VARIANT_ID=""server"" VERSION_ID=""7.9"" PRETTY_NAME=""Red Hat Enterprise Linux Server 7.9 (Maipo)"" ANSI_COLOR=""0;31"" CPE_NAME=""cpe:/o:redhat:enterprise_linux:7.9:GA:server"" HOME_URL=""https://www.redhat.com/"" BUG_REPORT_URL=""https://bugzilla.redhat.com/""  REDHAT_BUGZILLA_PRODUCT=""Red Hat Enterprise Linux 7"" REDHAT_BUGZILLA_PRODUCT_VERSION=7.9 REDHAT_SUPPORT_PRODUCT=""Red Hat Enterprise Linux"" REDHAT_SUPPORT_PRODUCT_VERSION=""7.9"""
hpc,9,testfile4,Computer Name,quartz2943
hpc,9,testfile4,Result Size,7628389
hpc,9,testfile4,Collection start time,00:34:47 22/04/2021 UTC
hpc,9,testfile4,Collection stop time,00:34:49 22/04/2021 UTC
hpc,9,testfile4,Collector Type,Driverless Perf per-process sampling
hpc,9,testfile4,Name,Intel(R) Xeon(R) Processor code named Broadwell
hpc,9,testfile4,Frequency,2095147722
hpc,9,testfile4,Logical CPU Count,72
vtuneCategory,threadcount,inputinfo,metric,value
tr,4,testfile4,Metric Name,Metric Value
tr,4,testfile4,Elapsed Time,1.736372
tr,4,testfile4,Paused Time,0.0
tr,4,testfile4,Effective CPU Utilization,4.5% (3.267 out of 72 logical CPUs)
tr,4,testfile4,OpenMP Analysis. Collection Time,1.736372
tr,4,testfile4,Serial Time (outside parallel regions),0.156s (9.0%)
tr,4,testfile4,Parallel Region Time,1.581s (91.0%)
tr,4,testfile4,Estimated Ideal Time,1.416s (81.5%)
tr,4,testfile4,OpenMP Potential Gain,0.165s (9.5%)
tr,4,testfile4,Total Thread Count,4
tr,4,testfile4,Thread Oversubscription,0s (0.0% of CPU Time)
tr,4,testfile4,Wait Time with poor CPU Utilization,0.001s (100.0% of Wait Time)
tr,4,testfile4,Spin and Overhead Time,0.750s (11.7% of CPU Time)
tr,4,testfile4,Application Command Line,"leukocyte ""4"" ""4"" ""../../data/leukocyte/testfile.avi"""
tr,4,testfile4,Operating System,"3.10.0-1160.15.2.1chaos.ch6.x86_64 NAME=""Red Hat Enterprise Linux Server"" VERSION=""7.9 (Maipo)"" ID=""rhel"" ID_LIKE=""fedora"" VARIANT=""Server"" VARIANT_ID=""server"" VERSION_ID=""7.9"" PRETTY_NAME=""Red Hat Enterprise Linux Server 7.9 (Maipo)"" ANSI_COLOR=""0;31"" CPE_NAME=""cpe:/o:redhat:enterprise_linux:7.9:GA:server"" HOME_URL=""https://www.redhat.com/"" BUG_REPORT_URL=""https://bugzilla.redhat.com/""  REDHAT_BUGZILLA_PRODUCT=""Red Hat Enterprise Linux 7"" REDHAT_BUGZILLA_PRODUCT_VERSION=7.9 REDHAT_SUPPORT_PRODUCT=""Red Hat Enterprise Linux"" REDHAT_SUPPORT_PRODUCT_VERSION=""7.9"""
tr,4,testfile4,Computer Name,quartz2943
tr,4,testfile4,Result Size,4006372
tr,4,testfile4,Collection start time,00:35:07 22/04/2021 UTC
tr,4,testfile4,Collection stop time,00:35:09 22/04/2021 UTC
tr,4,testfile4,Collector Type,User-mode sampling and tracing
tr,4,testfile4,Name,Intel(R) Xeon(R) Processor code named Broadwell
tr,4,testfile4,Frequency,2095147693
tr,4,testfile4,Logical CPU Count,72
vtuneCategory,threadcount,inputinfo,metric,value
hpc,4,testfile4,Metric Name,Metric Value
hpc,4,testfile4,Elapsed Time,1.740822
hpc,4,testfile4,SP GFLOPS,0.0
hpc,4,testfile4,DP GFLOPS,5.893778
hpc,4,testfile4,x87 GFLOPS,0.0
hpc,4,testfile4,CPI Rate,0.399186
hpc,4,testfile4,Average CPU Frequency,3224063550.889412
hpc,4,testfile4,Total Thread Count,4
hpc,4,testfile4,Effective Physical Core Utilization,9.4% (3.390 out of 36)
hpc,4,testfile4,Effective Logical Core Utilization,4.7% (3.374 out of 72)
hpc,4,testfile4,Serial Time (outside parallel regions),0.123s (7.1%)
hpc,4,testfile4,Parallel Region Time,1.617s (92.9%)
hpc,4,testfile4,Estimated Ideal Time,1.459s (83.8%)
hpc,4,testfile4,OpenMP Potential Gain,0.159s (9.1%)
hpc,4,testfile4,Memory Bound,11.1
hpc,4,testfile4,Cache Bound,3.9
hpc,4,testfile4,DRAM Bound,0.0
hpc,4,testfile4,NUMA: % of Remote Accesses,0.0
hpc,4,testfile4,Vectorization,0.0
hpc,4,testfile4,SP FLOPs,0.0
hpc,4,testfile4,Packed,0.0
hpc,4,testfile4,128-bit,0.0
hpc,4,testfile4,256-bit,0.0
hpc,4,testfile4,Scalar,0.0
hpc,4,testfile4,DP FLOPs,27.9
hpc,4,testfile4,Packed,0.0
hpc,4,testfile4,128-bit,0.0
hpc,4,testfile4,256-bit,0.0
hpc,4,testfile4,Scalar,100.0
hpc,4,testfile4,x87 FLOPs,0.0
hpc,4,testfile4,Non-FP,72.1
hpc,4,testfile4,FP Arith/Mem Rd Instr. Ratio,0.928690
hpc,4,testfile4,FP Arith/Mem Wr Instr. Ratio,5.253307
hpc,4,testfile4,Application Command Line,"leukocyte ""4"" ""4"" ""../../data/leukocyte/testfile.avi"""
hpc,4,testfile4,Operating System,"3.10.0-1160.15.2.1chaos.ch6.x86_64 NAME=""Red Hat Enterprise Linux Server"" VERSION=""7.9 (Maipo)"" ID=""rhel"" ID_LIKE=""fedora"" VARIANT=""Server"" VARIANT_ID=""server"" VERSION_ID=""7.9"" PRETTY_NAME=""Red Hat Enterprise Linux Server 7.9 (Maipo)"" ANSI_COLOR=""0;31"" CPE_NAME=""cpe:/o:redhat:enterprise_linux:7.9:GA:server"" HOME_URL=""https://www.redhat.com/"" BUG_REPORT_URL=""https://bugzilla.redhat.com/""  REDHAT_BUGZILLA_PRODUCT=""Red Hat Enterprise Linux 7"" REDHAT_BUGZILLA_PRODUCT_VERSION=7.9 REDHAT_SUPPORT_PRODUCT=""Red Hat Enterprise Linux"" REDHAT_SUPPORT_PRODUCT_VERSION=""7.9"""
hpc,4,testfile4,Computer Name,quartz2943
hpc,4,testfile4,Result Size,7076259
hpc,4,testfile4,Collection start time,00:35:23 22/04/2021 UTC
hpc,4,testfile4,Collection stop time,00:35:24 22/04/2021 UTC
hpc,4,testfile4,Collector Type,Driverless Perf per-process sampling
hpc,4,testfile4,Name,Intel(R) Xeon(R) Processor code named Broadwell
hpc,4,testfile4,Frequency,2095148332
hpc,4,testfile4,Logical CPU Count,72
vtuneCategory,threadcount,inputinfo,metric,value
tr,36,testfile5,Metric Name,Metric Value
tr,36,testfile5,Elapsed Time,0.931795
tr,36,testfile5,Paused Time,0.0
tr,36,testfile5,Effective CPU Utilization,15.6% (11.250 out of 72 logical CPUs)
tr,36,testfile5,OpenMP Analysis. Collection Time,0.931795
tr,36,testfile5,Serial Time (outside parallel regions),0.430s (46.2%)
tr,36,testfile5,Parallel Region Time,0.502s (53.8%)
tr,36,testfile5,Estimated Ideal Time,0.290s (31.2%)
tr,36,testfile5,OpenMP Potential Gain,0.211s (22.7%)
tr,36,testfile5,Total Thread Count,36
tr,36,testfile5,Thread Oversubscription,0s (0.0% of CPU Time)
tr,36,testfile5,Wait Time with poor CPU Utilization,1.750s (100.0% of Wait Time)
tr,36,testfile5,Spin and Overhead Time,10.959s (52.4% of CPU Time)
tr,36,testfile5,Application Command Line,"leukocyte ""5"" ""36"" ""../../data/leukocyte/testfile.avi"""
tr,36,testfile5,Operating System,"3.10.0-1160.15.2.1chaos.ch6.x86_64 NAME=""Red Hat Enterprise Linux Server"" VERSION=""7.9 (Maipo)"" ID=""rhel"" ID_LIKE=""fedora"" VARIANT=""Server"" VARIANT_ID=""server"" VERSION_ID=""7.9"" PRETTY_NAME=""Red Hat Enterprise Linux Server 7.9 (Maipo)"" ANSI_COLOR=""0;31"" CPE_NAME=""cpe:/o:redhat:enterprise_linux:7.9:GA:server"" HOME_URL=""https://www.redhat.com/"" BUG_REPORT_URL=""https://bugzilla.redhat.com/""  REDHAT_BUGZILLA_PRODUCT=""Red Hat Enterprise Linux 7"" REDHAT_BUGZILLA_PRODUCT_VERSION=7.9 REDHAT_SUPPORT_PRODUCT=""Red Hat Enterprise Linux"" REDHAT_SUPPORT_PRODUCT_VERSION=""7.9"""
tr,36,testfile5,Computer Name,quartz2943
tr,36,testfile5,Result Size,4711802
tr,36,testfile5,Collection start time,00:35:43 22/04/2021 UTC
tr,36,testfile5,Collection stop time,00:35:44 22/04/2021 UTC
tr,36,testfile5,Collector Type,User-mode sampling and tracing
tr,36,testfile5,Name,Intel(R) Xeon(R) Processor code named Broadwell
tr,36,testfile5,Frequency,2095148511
tr,36,testfile5,Logical CPU Count,72
vtuneCategory,threadcount,inputinfo,metric,value
hpc,36,testfile5,Metric Name,Metric Value
hpc,36,testfile5,Elapsed Time,1.296887
hpc,36,testfile5,SP GFLOPS,0.0
hpc,36,testfile5,DP GFLOPS,6.870308
hpc,36,testfile5,x87 GFLOPS,0.0
hpc,36,testfile5,CPI Rate,0.671522
hpc,36,testfile5,Average CPU Frequency,2605746566.438849
hpc,36,testfile5,Total Thread Count,36
hpc,36,testfile5,Effective Physical Core Utilization,23.1% (8.324 out of 36)
hpc,36,testfile5,Effective Logical Core Utilization,15.5% (11.164 out of 72)
hpc,36,testfile5,Serial Time (outside parallel regions),0.326s (25.1%)
hpc,36,testfile5,Parallel Region Time,0.971s (74.9%)
hpc,36,testfile5,Estimated Ideal Time,0.733s (56.5%)
hpc,36,testfile5,OpenMP Potential Gain,0.238s (18.3%)
hpc,36,testfile5,Memory Bound,9.0
hpc,36,testfile5,Cache Bound,5.9
hpc,36,testfile5,DRAM Bound,0.0
hpc,36,testfile5,NUMA: % of Remote Accesses,0.0
hpc,36,testfile5,Vectorization,0.0
hpc,36,testfile5,SP FLOPs,0.0
hpc,36,testfile5,Packed,0.0
hpc,36,testfile5,128-bit,0.0
hpc,36,testfile5,256-bit,0.0
hpc,36,testfile5,Scalar,0.0
hpc,36,testfile5,DP FLOPs,13.8
hpc,36,testfile5,Packed,0.0
hpc,36,testfile5,128-bit,0.0
hpc,36,testfile5,256-bit,0.0
hpc,36,testfile5,Scalar,100.0
hpc,36,testfile5,x87 FLOPs,0.0
hpc,36,testfile5,Non-FP,86.2
hpc,36,testfile5,FP Arith/Mem Rd Instr. Ratio,0.449272
hpc,36,testfile5,FP Arith/Mem Wr Instr. Ratio,1.985901
hpc,36,testfile5,Application Command Line,"leukocyte ""5"" ""36"" ""../../data/leukocyte/testfile.avi"""
hpc,36,testfile5,Operating System,"3.10.0-1160.15.2.1chaos.ch6.x86_64 NAME=""Red Hat Enterprise Linux Server"" VERSION=""7.9 (Maipo)"" ID=""rhel"" ID_LIKE=""fedora"" VARIANT=""Server"" VARIANT_ID=""server"" VERSION_ID=""7.9"" PRETTY_NAME=""Red Hat Enterprise Linux Server 7.9 (Maipo)"" ANSI_COLOR=""0;31"" CPE_NAME=""cpe:/o:redhat:enterprise_linux:7.9:GA:server"" HOME_URL=""https://www.redhat.com/"" BUG_REPORT_URL=""https://bugzilla.redhat.com/""  REDHAT_BUGZILLA_PRODUCT=""Red Hat Enterprise Linux 7"" REDHAT_BUGZILLA_PRODUCT_VERSION=7.9 REDHAT_SUPPORT_PRODUCT=""Red Hat Enterprise Linux"" REDHAT_SUPPORT_PRODUCT_VERSION=""7.9"""
hpc,36,testfile5,Computer Name,quartz2943
hpc,36,testfile5,Result Size,11743487
hpc,36,testfile5,Collection start time,00:35:59 22/04/2021 UTC
hpc,36,testfile5,Collection stop time,00:36:00 22/04/2021 UTC
hpc,36,testfile5,Collector Type,Driverless Perf per-process sampling
hpc,36,testfile5,Name,Intel(R) Xeon(R) Processor code named Broadwell
hpc,36,testfile5,Frequency,2095148360
hpc,36,testfile5,Logical CPU Count,72
vtuneCategory,threadcount,inputinfo,metric,value
tr,18,testfile5,Metric Name,Metric Value
tr,18,testfile5,Elapsed Time,0.910273
tr,18,testfile5,Paused Time,0.0
tr,18,testfile5,Effective CPU Utilization,13.9% (10.026 out of 72 logical CPUs)
tr,18,testfile5,OpenMP Analysis. Collection Time,0.910273
tr,18,testfile5,Serial Time (outside parallel regions),0.248s (27.2%)
tr,18,testfile5,Parallel Region Time,0.662s (72.8%)
tr,18,testfile5,Estimated Ideal Time,0.517s (56.8%)
tr,18,testfile5,OpenMP Potential Gain,0.145s (16.0%)
tr,18,testfile5,Total Thread Count,18
tr,18,testfile5,Thread Oversubscription,0s (0.0% of CPU Time)
tr,18,testfile5,Wait Time with poor CPU Utilization,0.262s (100.0% of Wait Time)
tr,18,testfile5,Spin and Overhead Time,3.710s (29.0% of CPU Time)
tr,18,testfile5,Application Command Line,"leukocyte ""5"" ""18"" ""../../data/leukocyte/testfile.avi"""
tr,18,testfile5,Operating System,"3.10.0-1160.15.2.1chaos.ch6.x86_64 NAME=""Red Hat Enterprise Linux Server"" VERSION=""7.9 (Maipo)"" ID=""rhel"" ID_LIKE=""fedora"" VARIANT=""Server"" VARIANT_ID=""server"" VERSION_ID=""7.9"" PRETTY_NAME=""Red Hat Enterprise Linux Server 7.9 (Maipo)"" ANSI_COLOR=""0;31"" CPE_NAME=""cpe:/o:redhat:enterprise_linux:7.9:GA:server"" HOME_URL=""https://www.redhat.com/"" BUG_REPORT_URL=""https://bugzilla.redhat.com/""  REDHAT_BUGZILLA_PRODUCT=""Red Hat Enterprise Linux 7"" REDHAT_BUGZILLA_PRODUCT_VERSION=7.9 REDHAT_SUPPORT_PRODUCT=""Red Hat Enterprise Linux"" REDHAT_SUPPORT_PRODUCT_VERSION=""7.9"""
tr,18,testfile5,Computer Name,quartz2943
tr,18,testfile5,Result Size,4377676
tr,18,testfile5,Collection start time,00:36:19 22/04/2021 UTC
tr,18,testfile5,Collection stop time,00:36:20 22/04/2021 UTC
tr,18,testfile5,Collector Type,User-mode sampling and tracing
tr,18,testfile5,Name,Intel(R) Xeon(R) Processor code named Broadwell
tr,18,testfile5,Frequency,2095147772
tr,18,testfile5,Logical CPU Count,72
vtuneCategory,threadcount,inputinfo,metric,value
hpc,18,testfile5,Metric Name,Metric Value
hpc,18,testfile5,Elapsed Time,0.999522
hpc,18,testfile5,SP GFLOPS,0.0
hpc,18,testfile5,DP GFLOPS,11.615564
hpc,18,testfile5,x87 GFLOPS,0.0
hpc,18,testfile5,CPI Rate,0.453752
hpc,18,testfile5,Average CPU Frequency,2660380135.733586
hpc,18,testfile5,Total Thread Count,18
hpc,18,testfile5,Effective Physical Core Utilization,27.1% (9.753 out of 36)
hpc,18,testfile5,Effective Logical Core Utilization,13.2% (9.501 out of 72)
hpc,18,testfile5,Serial Time (outside parallel regions),0.207s (20.7%)
hpc,18,testfile5,Parallel Region Time,0.793s (79.3%)
hpc,18,testfile5,Estimated Ideal Time,0.648s (64.9%)
hpc,18,testfile5,OpenMP Potential Gain,0.144s (14.4%)
hpc,18,testfile5,Memory Bound,6.2
hpc,18,testfile5,Cache Bound,2.3
hpc,18,testfile5,DRAM Bound,0.0
hpc,18,testfile5,NUMA: % of Remote Accesses,0.0
hpc,18,testfile5,Vectorization,0.0
hpc,18,testfile5,SP FLOPs,0.0
hpc,18,testfile5,Packed,0.0
hpc,18,testfile5,128-bit,0.0
hpc,18,testfile5,256-bit,0.0
hpc,18,testfile5,Scalar,0.0
hpc,18,testfile5,DP FLOPs,23.1
hpc,18,testfile5,Packed,0.0
hpc,18,testfile5,128-bit,0.0
hpc,18,testfile5,256-bit,0.0
hpc,18,testfile5,Scalar,100.0
hpc,18,testfile5,x87 FLOPs,0.0
hpc,18,testfile5,Non-FP,76.9
hpc,18,testfile5,FP Arith/Mem Rd Instr. Ratio,0.755912
hpc,18,testfile5,FP Arith/Mem Wr Instr. Ratio,3.856392
hpc,18,testfile5,Application Command Line,"leukocyte ""5"" ""18"" ""../../data/leukocyte/testfile.avi"""
hpc,18,testfile5,Operating System,"3.10.0-1160.15.2.1chaos.ch6.x86_64 NAME=""Red Hat Enterprise Linux Server"" VERSION=""7.9 (Maipo)"" ID=""rhel"" ID_LIKE=""fedora"" VARIANT=""Server"" VARIANT_ID=""server"" VERSION_ID=""7.9"" PRETTY_NAME=""Red Hat Enterprise Linux Server 7.9 (Maipo)"" ANSI_COLOR=""0;31"" CPE_NAME=""cpe:/o:redhat:enterprise_linux:7.9:GA:server"" HOME_URL=""https://www.redhat.com/"" BUG_REPORT_URL=""https://bugzilla.redhat.com/""  REDHAT_BUGZILLA_PRODUCT=""Red Hat Enterprise Linux 7"" REDHAT_BUGZILLA_PRODUCT_VERSION=7.9 REDHAT_SUPPORT_PRODUCT=""Red Hat Enterprise Linux"" REDHAT_SUPPORT_PRODUCT_VERSION=""7.9"""
hpc,18,testfile5,Computer Name,quartz2943
hpc,18,testfile5,Result Size,8982865
hpc,18,testfile5,Collection start time,00:36:35 22/04/2021 UTC
hpc,18,testfile5,Collection stop time,00:36:36 22/04/2021 UTC
hpc,18,testfile5,Collector Type,Driverless Perf per-process sampling
hpc,18,testfile5,Name,Intel(R) Xeon(R) Processor code named Broadwell
hpc,18,testfile5,Frequency,2095148559
hpc,18,testfile5,Logical CPU Count,72
vtuneCategory,threadcount,inputinfo,metric,value
tr,9,testfile5,Metric Name,Metric Value
tr,9,testfile5,Elapsed Time,1.295515
tr,9,testfile5,Paused Time,0.0
tr,9,testfile5,Effective CPU Utilization,8.7% (6.245 out of 72 logical CPUs)
tr,9,testfile5,OpenMP Analysis. Collection Time,1.295515
tr,9,testfile5,Serial Time (outside parallel regions),0.166s (12.8%)
tr,9,testfile5,Parallel Region Time,1.130s (87.2%)
tr,9,testfile5,Estimated Ideal Time,0.898s (69.3%)
tr,9,testfile5,OpenMP Potential Gain,0.232s (17.9%)
tr,9,testfile5,Total Thread Count,9
tr,9,testfile5,Thread Oversubscription,0s (0.0% of CPU Time)
tr,9,testfile5,Wait Time with poor CPU Utilization,0.024s (100.0% of Wait Time)
tr,9,testfile5,Spin and Overhead Time,2.390s (22.8% of CPU Time)
tr,9,testfile5,Application Command Line,"leukocyte ""5"" ""9"" ""../../data/leukocyte/testfile.avi"""
tr,9,testfile5,Operating System,"3.10.0-1160.15.2.1chaos.ch6.x86_64 NAME=""Red Hat Enterprise Linux Server"" VERSION=""7.9 (Maipo)"" ID=""rhel"" ID_LIKE=""fedora"" VARIANT=""Server"" VARIANT_ID=""server"" VERSION_ID=""7.9"" PRETTY_NAME=""Red Hat Enterprise Linux Server 7.9 (Maipo)"" ANSI_COLOR=""0;31"" CPE_NAME=""cpe:/o:redhat:enterprise_linux:7.9:GA:server"" HOME_URL=""https://www.redhat.com/"" BUG_REPORT_URL=""https://bugzilla.redhat.com/""  REDHAT_BUGZILLA_PRODUCT=""Red Hat Enterprise Linux 7"" REDHAT_BUGZILLA_PRODUCT_VERSION=7.9 REDHAT_SUPPORT_PRODUCT=""Red Hat Enterprise Linux"" REDHAT_SUPPORT_PRODUCT_VERSION=""7.9"""
tr,9,testfile5,Computer Name,quartz2943
tr,9,testfile5,Result Size,4284607
tr,9,testfile5,Collection start time,00:36:54 22/04/2021 UTC
tr,9,testfile5,Collection stop time,00:36:55 22/04/2021 UTC
tr,9,testfile5,Collector Type,User-mode sampling and tracing
tr,9,testfile5,Name,Intel(R) Xeon(R) Processor code named Broadwell
tr,9,testfile5,Frequency,2095147833
tr,9,testfile5,Logical CPU Count,72
vtuneCategory,threadcount,inputinfo,metric,value
hpc,9,testfile5,Metric Name,Metric Value
hpc,9,testfile5,Elapsed Time,1.287898
hpc,9,testfile5,SP GFLOPS,0.0
hpc,9,testfile5,DP GFLOPS,9.503870
hpc,9,testfile5,x87 GFLOPS,0.0
hpc,9,testfile5,CPI Rate,0.430079
hpc,9,testfile5,Average CPU Frequency,2905967626.115287
hpc,9,testfile5,Total Thread Count,9
hpc,9,testfile5,Effective Physical Core Utilization,18.2% (6.551 out of 36)
hpc,9,testfile5,Effective Logical Core Utilization,9.1% (6.530 out of 72)
hpc,9,testfile5,Serial Time (outside parallel regions),0.169s (13.1%)
hpc,9,testfile5,Parallel Region Time,1.119s (86.9%)
hpc,9,testfile5,Estimated Ideal Time,0.931s (72.3%)
hpc,9,testfile5,OpenMP Potential Gain,0.188s (14.6%)
hpc,9,testfile5,Memory Bound,9.7
hpc,9,testfile5,Cache Bound,3.8
hpc,9,testfile5,DRAM Bound,0.0
hpc,9,testfile5,NUMA: % of Remote Accesses,0.0
hpc,9,testfile5,Vectorization,0.0
hpc,9,testfile5,SP FLOPs,0.0
hpc,9,testfile5,Packed,0.0
hpc,9,testfile5,128-bit,0.0
hpc,9,testfile5,256-bit,0.0
hpc,9,testfile5,Scalar,0.0
hpc,9,testfile5,DP FLOPs,25.3
hpc,9,testfile5,Packed,0.0
hpc,9,testfile5,128-bit,0.0
hpc,9,testfile5,256-bit,0.0
hpc,9,testfile5,Scalar,100.0
hpc,9,testfile5,x87 FLOPs,0.0
hpc,9,testfile5,Non-FP,74.7
hpc,9,testfile5,FP Arith/Mem Rd Instr. Ratio,0.835614
hpc,9,testfile5,FP Arith/Mem Wr Instr. Ratio,4.451592
hpc,9,testfile5,Application Command Line,"leukocyte ""5"" ""9"" ""../../data/leukocyte/testfile.avi"""
hpc,9,testfile5,Operating System,"3.10.0-1160.15.2.1chaos.ch6.x86_64 NAME=""Red Hat Enterprise Linux Server"" VERSION=""7.9 (Maipo)"" ID=""rhel"" ID_LIKE=""fedora"" VARIANT=""Server"" VARIANT_ID=""server"" VERSION_ID=""7.9"" PRETTY_NAME=""Red Hat Enterprise Linux Server 7.9 (Maipo)"" ANSI_COLOR=""0;31"" CPE_NAME=""cpe:/o:redhat:enterprise_linux:7.9:GA:server"" HOME_URL=""https://www.redhat.com/"" BUG_REPORT_URL=""https://bugzilla.redhat.com/""  REDHAT_BUGZILLA_PRODUCT=""Red Hat Enterprise Linux 7"" REDHAT_BUGZILLA_PRODUCT_VERSION=7.9 REDHAT_SUPPORT_PRODUCT=""Red Hat Enterprise Linux"" REDHAT_SUPPORT_PRODUCT_VERSION=""7.9"""
hpc,9,testfile5,Computer Name,quartz2943
hpc,9,testfile5,Result Size,8579227
hpc,9,testfile5,Collection start time,00:37:10 22/04/2021 UTC
hpc,9,testfile5,Collection stop time,00:37:11 22/04/2021 UTC
hpc,9,testfile5,Collector Type,Driverless Perf per-process sampling
hpc,9,testfile5,Name,Intel(R) Xeon(R) Processor code named Broadwell
hpc,9,testfile5,Frequency,2095148391
hpc,9,testfile5,Logical CPU Count,72
vtuneCategory,threadcount,inputinfo,metric,value
tr,4,testfile5,Metric Name,Metric Value
tr,4,testfile5,Elapsed Time,2.094370
tr,4,testfile5,Paused Time,0.0
tr,4,testfile5,Effective CPU Utilization,4.6% (3.319 out of 72 logical CPUs)
tr,4,testfile5,OpenMP Analysis. Collection Time,2.094370
tr,4,testfile5,Serial Time (outside parallel regions),0.127s (6.1%)
tr,4,testfile5,Parallel Region Time,1.967s (93.9%)
tr,4,testfile5,Estimated Ideal Time,1.744s (83.3%)
tr,4,testfile5,OpenMP Potential Gain,0.223s (10.7%)
tr,4,testfile5,Total Thread Count,4
tr,4,testfile5,Thread Oversubscription,0s (0.0% of CPU Time)
tr,4,testfile5,Wait Time with poor CPU Utilization,0.001s (100.0% of Wait Time)
tr,4,testfile5,Spin and Overhead Time,1.010s (12.7% of CPU Time)
tr,4,testfile5,Application Command Line,"leukocyte ""5"" ""4"" ""../../data/leukocyte/testfile.avi"""
tr,4,testfile5,Operating System,"3.10.0-1160.15.2.1chaos.ch6.x86_64 NAME=""Red Hat Enterprise Linux Server"" VERSION=""7.9 (Maipo)"" ID=""rhel"" ID_LIKE=""fedora"" VARIANT=""Server"" VARIANT_ID=""server"" VERSION_ID=""7.9"" PRETTY_NAME=""Red Hat Enterprise Linux Server 7.9 (Maipo)"" ANSI_COLOR=""0;31"" CPE_NAME=""cpe:/o:redhat:enterprise_linux:7.9:GA:server"" HOME_URL=""https://www.redhat.com/"" BUG_REPORT_URL=""https://bugzilla.redhat.com/""  REDHAT_BUGZILLA_PRODUCT=""Red Hat Enterprise Linux 7"" REDHAT_BUGZILLA_PRODUCT_VERSION=7.9 REDHAT_SUPPORT_PRODUCT=""Red Hat Enterprise Linux"" REDHAT_SUPPORT_PRODUCT_VERSION=""7.9"""
tr,4,testfile5,Computer Name,quartz2943
tr,4,testfile5,Result Size,4113526
tr,4,testfile5,Collection start time,00:37:29 22/04/2021 UTC
tr,4,testfile5,Collection stop time,00:37:31 22/04/2021 UTC
tr,4,testfile5,Collector Type,User-mode sampling and tracing
tr,4,testfile5,Name,Intel(R) Xeon(R) Processor code named Broadwell
tr,4,testfile5,Frequency,2095147677
tr,4,testfile5,Logical CPU Count,72
vtuneCategory,threadcount,inputinfo,metric,value
hpc,4,testfile5,Metric Name,Metric Value
hpc,4,testfile5,Elapsed Time,2.264666
hpc,4,testfile5,SP GFLOPS,0.0
hpc,4,testfile5,DP GFLOPS,5.524000
hpc,4,testfile5,x87 GFLOPS,0.0
hpc,4,testfile5,CPI Rate,0.396865
hpc,4,testfile5,Average CPU Frequency,2993957632.020202
hpc,4,testfile5,Total Thread Count,4
hpc,4,testfile5,Effective Physical Core Utilization,9.5% (3.412 out of 36)
hpc,4,testfile5,Effective Logical Core Utilization,4.7% (3.388 out of 72)
hpc,4,testfile5,Serial Time (outside parallel regions),0.135s (5.9%)
hpc,4,testfile5,Parallel Region Time,2.130s (94.1%)
hpc,4,testfile5,Estimated Ideal Time,1.908s (84.2%)
hpc,4,testfile5,OpenMP Potential Gain,0.222s (9.8%)
hpc,4,testfile5,Memory Bound,10.4
hpc,4,testfile5,Cache Bound,3.6
hpc,4,testfile5,DRAM Bound,0.0
hpc,4,testfile5,NUMA: % of Remote Accesses,0.0
hpc,4,testfile5,Vectorization,0.0
hpc,4,testfile5,SP FLOPs,0.0
hpc,4,testfile5,Packed,0.0
hpc,4,testfile5,128-bit,0.0
hpc,4,testfile5,256-bit,0.0
hpc,4,testfile5,Scalar,0.0
hpc,4,testfile5,DP FLOPs,27.3
hpc,4,testfile5,Packed,0.0
hpc,4,testfile5,128-bit,0.0
hpc,4,testfile5,256-bit,0.0
hpc,4,testfile5,Scalar,100.0
hpc,4,testfile5,x87 FLOPs,0.0
hpc,4,testfile5,Non-FP,72.7
hpc,4,testfile5,FP Arith/Mem Rd Instr. Ratio,0.923562
hpc,4,testfile5,FP Arith/Mem Wr Instr. Ratio,5.063608
hpc,4,testfile5,Application Command Line,"leukocyte ""5"" ""4"" ""../../data/leukocyte/testfile.avi"""
hpc,4,testfile5,Operating System,"3.10.0-1160.15.2.1chaos.ch6.x86_64 NAME=""Red Hat Enterprise Linux Server"" VERSION=""7.9 (Maipo)"" ID=""rhel"" ID_LIKE=""fedora"" VARIANT=""Server"" VARIANT_ID=""server"" VERSION_ID=""7.9"" PRETTY_NAME=""Red Hat Enterprise Linux Server 7.9 (Maipo)"" ANSI_COLOR=""0;31"" CPE_NAME=""cpe:/o:redhat:enterprise_linux:7.9:GA:server"" HOME_URL=""https://www.redhat.com/"" BUG_REPORT_URL=""https://bugzilla.redhat.com/""  REDHAT_BUGZILLA_PRODUCT=""Red Hat Enterprise Linux 7"" REDHAT_BUGZILLA_PRODUCT_VERSION=7.9 REDHAT_SUPPORT_PRODUCT=""Red Hat Enterprise Linux"" REDHAT_SUPPORT_PRODUCT_VERSION=""7.9"""
hpc,4,testfile5,Computer Name,quartz2943
hpc,4,testfile5,Result Size,7930886
hpc,4,testfile5,Collection start time,00:37:45 22/04/2021 UTC
hpc,4,testfile5,Collection stop time,00:37:47 22/04/2021 UTC
hpc,4,testfile5,Collector Type,Driverless Perf per-process sampling
hpc,4,testfile5,Name,Intel(R) Xeon(R) Processor code named Broadwell
hpc,4,testfile5,Frequency,2095147898
hpc,4,testfile5,Logical CPU Count,72
vtuneCategory,threadcount,inputinfo,metric,value
tr,36,testfile6,Metric Name,Metric Value
tr,36,testfile6,Elapsed Time,0.970313
tr,36,testfile6,Paused Time,0.0
tr,36,testfile6,Effective CPU Utilization,16.5% (11.847 out of 72 logical CPUs)
tr,36,testfile6,OpenMP Analysis. Collection Time,0.970313
tr,36,testfile6,Serial Time (outside parallel regions),0.406s (41.8%)
tr,36,testfile6,Parallel Region Time,0.565s (58.2%)
tr,36,testfile6,Estimated Ideal Time,0.328s (33.8%)
tr,36,testfile6,OpenMP Potential Gain,0.236s (24.4%)
tr,36,testfile6,Total Thread Count,36
tr,36,testfile6,Thread Oversubscription,0s (0.0% of CPU Time)
tr,36,testfile6,Wait Time with poor CPU Utilization,1.847s (100.0% of Wait Time)
tr,36,testfile6,Spin and Overhead Time,11.999s (51.5% of CPU Time)
tr,36,testfile6,Application Command Line,"leukocyte ""6"" ""36"" ""../../data/leukocyte/testfile.avi"""
tr,36,testfile6,Operating System,"3.10.0-1160.15.2.1chaos.ch6.x86_64 NAME=""Red Hat Enterprise Linux Server"" VERSION=""7.9 (Maipo)"" ID=""rhel"" ID_LIKE=""fedora"" VARIANT=""Server"" VARIANT_ID=""server"" VERSION_ID=""7.9"" PRETTY_NAME=""Red Hat Enterprise Linux Server 7.9 (Maipo)"" ANSI_COLOR=""0;31"" CPE_NAME=""cpe:/o:redhat:enterprise_linux:7.9:GA:server"" HOME_URL=""https://www.redhat.com/"" BUG_REPORT_URL=""https://bugzilla.redhat.com/""  REDHAT_BUGZILLA_PRODUCT=""Red Hat Enterprise Linux 7"" REDHAT_BUGZILLA_PRODUCT_VERSION=7.9 REDHAT_SUPPORT_PRODUCT=""Red Hat Enterprise Linux"" REDHAT_SUPPORT_PRODUCT_VERSION=""7.9"""
tr,36,testfile6,Computer Name,quartz2943
tr,36,testfile6,Result Size,4781262
tr,36,testfile6,Collection start time,00:38:05 22/04/2021 UTC
tr,36,testfile6,Collection stop time,00:38:07 22/04/2021 UTC
tr,36,testfile6,Collector Type,User-mode sampling and tracing
tr,36,testfile6,Name,Intel(R) Xeon(R) Processor code named Broadwell
tr,36,testfile6,Frequency,2095148336
tr,36,testfile6,Logical CPU Count,72
vtuneCategory,threadcount,inputinfo,metric,value
hpc,36,testfile6,Metric Name,Metric Value
hpc,36,testfile6,Elapsed Time,1.386894
hpc,36,testfile6,SP GFLOPS,0.0
hpc,36,testfile6,DP GFLOPS,11.096758
hpc,36,testfile6,x87 GFLOPS,0.0
hpc,36,testfile6,CPI Rate,0.637385
hpc,36,testfile6,Average CPU Frequency,2604846894.823670
hpc,36,testfile6,Total Thread Count,36
hpc,36,testfile6,Effective Physical Core Utilization,26.5% (9.524 out of 36)
hpc,36,testfile6,Effective Logical Core Utilization,16.6% (11.950 out of 72)
hpc,36,testfile6,Serial Time (outside parallel regions),0.293s (21.1%)
hpc,36,testfile6,Parallel Region Time,1.094s (78.9%)
hpc,36,testfile6,Estimated Ideal Time,0.821s (59.2%)
hpc,36,testfile6,OpenMP Potential Gain,0.273s (19.7%)
hpc,36,testfile6,Memory Bound,9.4
hpc,36,testfile6,Cache Bound,5.5
hpc,36,testfile6,DRAM Bound,0.0
hpc,36,testfile6,NUMA: % of Remote Accesses,0.0
hpc,36,testfile6,Vectorization,0.0
hpc,36,testfile6,SP FLOPs,0.0
hpc,36,testfile6,Packed,0.0
hpc,36,testfile6,128-bit,0.0
hpc,36,testfile6,256-bit,0.0
hpc,36,testfile6,Scalar,0.0
hpc,36,testfile6,DP FLOPs,20.4
hpc,36,testfile6,Packed,0.0
hpc,36,testfile6,128-bit,0.0
hpc,36,testfile6,256-bit,0.0
hpc,36,testfile6,Scalar,100.0
hpc,36,testfile6,x87 FLOPs,0.0
hpc,36,testfile6,Non-FP,79.6
hpc,36,testfile6,FP Arith/Mem Rd Instr. Ratio,0.688663
hpc,36,testfile6,FP Arith/Mem Wr Instr. Ratio,3.069930
hpc,36,testfile6,Application Command Line,"leukocyte ""6"" ""36"" ""../../data/leukocyte/testfile.avi"""
hpc,36,testfile6,Operating System,"3.10.0-1160.15.2.1chaos.ch6.x86_64 NAME=""Red Hat Enterprise Linux Server"" VERSION=""7.9 (Maipo)"" ID=""rhel"" ID_LIKE=""fedora"" VARIANT=""Server"" VARIANT_ID=""server"" VERSION_ID=""7.9"" PRETTY_NAME=""Red Hat Enterprise Linux Server 7.9 (Maipo)"" ANSI_COLOR=""0;31"" CPE_NAME=""cpe:/o:redhat:enterprise_linux:7.9:GA:server"" HOME_URL=""https://www.redhat.com/"" BUG_REPORT_URL=""https://bugzilla.redhat.com/""  REDHAT_BUGZILLA_PRODUCT=""Red Hat Enterprise Linux 7"" REDHAT_BUGZILLA_PRODUCT_VERSION=7.9 REDHAT_SUPPORT_PRODUCT=""Red Hat Enterprise Linux"" REDHAT_SUPPORT_PRODUCT_VERSION=""7.9"""
hpc,36,testfile6,Computer Name,quartz2943
hpc,36,testfile6,Result Size,12783761
hpc,36,testfile6,Collection start time,00:38:22 22/04/2021 UTC
hpc,36,testfile6,Collection stop time,00:38:23 22/04/2021 UTC
hpc,36,testfile6,Collector Type,Driverless Perf per-process sampling
hpc,36,testfile6,Name,Intel(R) Xeon(R) Processor code named Broadwell
hpc,36,testfile6,Frequency,2095148488
hpc,36,testfile6,Logical CPU Count,72
vtuneCategory,threadcount,inputinfo,metric,value
tr,18,testfile6,Metric Name,Metric Value
tr,18,testfile6,Elapsed Time,1.018848
tr,18,testfile6,Paused Time,0.0
tr,18,testfile6,Effective CPU Utilization,14.4% (10.382 out of 72 logical CPUs)
tr,18,testfile6,OpenMP Analysis. Collection Time,1.018848
tr,18,testfile6,Serial Time (outside parallel regions),0.255s (25.0%)
tr,18,testfile6,Parallel Region Time,0.764s (75.0%)
tr,18,testfile6,Estimated Ideal Time,0.597s (58.6%)
tr,18,testfile6,OpenMP Potential Gain,0.167s (16.4%)
tr,18,testfile6,Total Thread Count,18
tr,18,testfile6,Thread Oversubscription,0s (0.0% of CPU Time)
tr,18,testfile6,Wait Time with poor CPU Utilization,0.265s (100.0% of Wait Time)
tr,18,testfile6,Spin and Overhead Time,4.219s (28.6% of CPU Time)
tr,18,testfile6,Application Command Line,"leukocyte ""6"" ""18"" ""../../data/leukocyte/testfile.avi"""
tr,18,testfile6,Operating System,"3.10.0-1160.15.2.1chaos.ch6.x86_64 NAME=""Red Hat Enterprise Linux Server"" VERSION=""7.9 (Maipo)"" ID=""rhel"" ID_LIKE=""fedora"" VARIANT=""Server"" VARIANT_ID=""server"" VERSION_ID=""7.9"" PRETTY_NAME=""Red Hat Enterprise Linux Server 7.9 (Maipo)"" ANSI_COLOR=""0;31"" CPE_NAME=""cpe:/o:redhat:enterprise_linux:7.9:GA:server"" HOME_URL=""https://www.redhat.com/"" BUG_REPORT_URL=""https://bugzilla.redhat.com/""  REDHAT_BUGZILLA_PRODUCT=""Red Hat Enterprise Linux 7"" REDHAT_BUGZILLA_PRODUCT_VERSION=7.9 REDHAT_SUPPORT_PRODUCT=""Red Hat Enterprise Linux"" REDHAT_SUPPORT_PRODUCT_VERSION=""7.9"""
tr,18,testfile6,Computer Name,quartz2943
tr,18,testfile6,Result Size,4440414
tr,18,testfile6,Collection start time,00:38:42 22/04/2021 UTC
tr,18,testfile6,Collection stop time,00:38:43 22/04/2021 UTC
tr,18,testfile6,Collector Type,User-mode sampling and tracing
tr,18,testfile6,Name,Intel(R) Xeon(R) Processor code named Broadwell
tr,18,testfile6,Frequency,2095147725
tr,18,testfile6,Logical CPU Count,72
vtuneCategory,threadcount,inputinfo,metric,value
hpc,18,testfile6,Metric Name,Metric Value
hpc,18,testfile6,Elapsed Time,1.158539
hpc,18,testfile6,SP GFLOPS,0.0
hpc,18,testfile6,DP GFLOPS,12.584831
hpc,18,testfile6,x87 GFLOPS,0.0
hpc,18,testfile6,CPI Rate,0.451703
hpc,18,testfile6,Average CPU Frequency,2639544555.955335
hpc,18,testfile6,Total Thread Count,18
hpc,18,testfile6,Effective Physical Core Utilization,26.9% (9.677 out of 36)
hpc,18,testfile6,Effective Logical Core Utilization,13.5% (9.698 out of 72)
hpc,18,testfile6,Serial Time (outside parallel regions),0.220s (19.0%)
hpc,18,testfile6,Parallel Region Time,0.939s (81.0%)
hpc,18,testfile6,Estimated Ideal Time,0.767s (66.2%)
hpc,18,testfile6,OpenMP Potential Gain,0.172s (14.9%)
hpc,18,testfile6,Memory Bound,9.1
hpc,18,testfile6,Cache Bound,3.9
hpc,18,testfile6,DRAM Bound,0.0
hpc,18,testfile6,NUMA: % of Remote Accesses,0.0
hpc,18,testfile6,Vectorization,0.0
hpc,18,testfile6,SP FLOPs,0.0
hpc,18,testfile6,Packed,0.0
hpc,18,testfile6,128-bit,0.0
hpc,18,testfile6,256-bit,0.0
hpc,18,testfile6,Scalar,0.0
hpc,18,testfile6,DP FLOPs,24.1
hpc,18,testfile6,Packed,0.0
hpc,18,testfile6,128-bit,0.0
hpc,18,testfile6,256-bit,0.0
hpc,18,testfile6,Scalar,100.0
hpc,18,testfile6,x87 FLOPs,0.0
hpc,18,testfile6,Non-FP,75.9
hpc,18,testfile6,FP Arith/Mem Rd Instr. Ratio,0.816715
hpc,18,testfile6,FP Arith/Mem Wr Instr. Ratio,4.085634
hpc,18,testfile6,Application Command Line,"leukocyte ""6"" ""18"" ""../../data/leukocyte/testfile.avi"""
hpc,18,testfile6,Operating System,"3.10.0-1160.15.2.1chaos.ch6.x86_64 NAME=""Red Hat Enterprise Linux Server"" VERSION=""7.9 (Maipo)"" ID=""rhel"" ID_LIKE=""fedora"" VARIANT=""Server"" VARIANT_ID=""server"" VERSION_ID=""7.9"" PRETTY_NAME=""Red Hat Enterprise Linux Server 7.9 (Maipo)"" ANSI_COLOR=""0;31"" CPE_NAME=""cpe:/o:redhat:enterprise_linux:7.9:GA:server"" HOME_URL=""https://www.redhat.com/"" BUG_REPORT_URL=""https://bugzilla.redhat.com/""  REDHAT_BUGZILLA_PRODUCT=""Red Hat Enterprise Linux 7"" REDHAT_BUGZILLA_PRODUCT_VERSION=7.9 REDHAT_SUPPORT_PRODUCT=""Red Hat Enterprise Linux"" REDHAT_SUPPORT_PRODUCT_VERSION=""7.9"""
hpc,18,testfile6,Computer Name,quartz2943
hpc,18,testfile6,Result Size,10011271
hpc,18,testfile6,Collection start time,00:38:59 22/04/2021 UTC
hpc,18,testfile6,Collection stop time,00:39:00 22/04/2021 UTC
hpc,18,testfile6,Collector Type,Driverless Perf per-process sampling
hpc,18,testfile6,Name,Intel(R) Xeon(R) Processor code named Broadwell
hpc,18,testfile6,Frequency,2095147775
hpc,18,testfile6,Logical CPU Count,72
vtuneCategory,threadcount,inputinfo,metric,value
tr,9,testfile6,Metric Name,Metric Value
tr,9,testfile6,Elapsed Time,1.461776
tr,9,testfile6,Paused Time,0.0
tr,9,testfile6,Effective CPU Utilization,9.0% (6.481 out of 72 logical CPUs)
tr,9,testfile6,OpenMP Analysis. Collection Time,1.461776
tr,9,testfile6,Serial Time (outside parallel regions),0.163s (11.1%)
tr,9,testfile6,Parallel Region Time,1.299s (88.9%)
tr,9,testfile6,Estimated Ideal Time,1.058s (72.4%)
tr,9,testfile6,OpenMP Potential Gain,0.241s (16.5%)
tr,9,testfile6,Total Thread Count,9
tr,9,testfile6,Thread Oversubscription,0s (0.0% of CPU Time)
tr,9,testfile6,Wait Time with poor CPU Utilization,0.017s (100.0% of Wait Time)
tr,9,testfile6,Spin and Overhead Time,2.540s (21.2% of CPU Time)
tr,9,testfile6,Application Command Line,"leukocyte ""6"" ""9"" ""../../data/leukocyte/testfile.avi"""
tr,9,testfile6,Operating System,"3.10.0-1160.15.2.1chaos.ch6.x86_64 NAME=""Red Hat Enterprise Linux Server"" VERSION=""7.9 (Maipo)"" ID=""rhel"" ID_LIKE=""fedora"" VARIANT=""Server"" VARIANT_ID=""server"" VERSION_ID=""7.9"" PRETTY_NAME=""Red Hat Enterprise Linux Server 7.9 (Maipo)"" ANSI_COLOR=""0;31"" CPE_NAME=""cpe:/o:redhat:enterprise_linux:7.9:GA:server"" HOME_URL=""https://www.redhat.com/"" BUG_REPORT_URL=""https://bugzilla.redhat.com/""  REDHAT_BUGZILLA_PRODUCT=""Red Hat Enterprise Linux 7"" REDHAT_BUGZILLA_PRODUCT_VERSION=7.9 REDHAT_SUPPORT_PRODUCT=""Red Hat Enterprise Linux"" REDHAT_SUPPORT_PRODUCT_VERSION=""7.9"""
tr,9,testfile6,Computer Name,quartz2943
tr,9,testfile6,Result Size,4318449
tr,9,testfile6,Collection start time,00:39:18 22/04/2021 UTC
tr,9,testfile6,Collection stop time,00:39:20 22/04/2021 UTC
tr,9,testfile6,Collector Type,User-mode sampling and tracing
tr,9,testfile6,Name,Intel(R) Xeon(R) Processor code named Broadwell
tr,9,testfile6,Frequency,2095148285
tr,9,testfile6,Logical CPU Count,72
vtuneCategory,threadcount,inputinfo,metric,value
hpc,9,testfile6,Metric Name,Metric Value
hpc,9,testfile6,Elapsed Time,1.510248
hpc,9,testfile6,SP GFLOPS,0.0
hpc,9,testfile6,DP GFLOPS,9.773244
hpc,9,testfile6,x87 GFLOPS,0.0
hpc,9,testfile6,CPI Rate,0.432818
hpc,9,testfile6,Average CPU Frequency,2910816940.259542
hpc,9,testfile6,Total Thread Count,9
hpc,9,testfile6,Effective Physical Core Utilization,18.2% (6.552 out of 36)
hpc,9,testfile6,Effective Logical Core Utilization,9.1% (6.587 out of 72)
hpc,9,testfile6,Serial Time (outside parallel regions),0.170s (11.2%)
hpc,9,testfile6,Parallel Region Time,1.341s (88.8%)
hpc,9,testfile6,Estimated Ideal Time,1.103s (73.0%)
hpc,9,testfile6,OpenMP Potential Gain,0.238s (15.7%)
hpc,9,testfile6,Memory Bound,8.5
hpc,9,testfile6,Cache Bound,3.1
hpc,9,testfile6,DRAM Bound,0.0
hpc,9,testfile6,NUMA: % of Remote Accesses,0.0
hpc,9,testfile6,Vectorization,0.0
hpc,9,testfile6,SP FLOPs,0.0
hpc,9,testfile6,Packed,0.0
hpc,9,testfile6,128-bit,0.0
hpc,9,testfile6,256-bit,0.0
hpc,9,testfile6,Scalar,0.0
hpc,9,testfile6,DP FLOPs,25.3
hpc,9,testfile6,Packed,0.0
hpc,9,testfile6,128-bit,0.0
hpc,9,testfile6,256-bit,0.0
hpc,9,testfile6,Scalar,100.0
hpc,9,testfile6,x87 FLOPs,0.0
hpc,9,testfile6,Non-FP,74.7
hpc,9,testfile6,FP Arith/Mem Rd Instr. Ratio,0.854810
hpc,9,testfile6,FP Arith/Mem Wr Instr. Ratio,4.390772
hpc,9,testfile6,Application Command Line,"leukocyte ""6"" ""9"" ""../../data/leukocyte/testfile.avi"""
hpc,9,testfile6,Operating System,"3.10.0-1160.15.2.1chaos.ch6.x86_64 NAME=""Red Hat Enterprise Linux Server"" VERSION=""7.9 (Maipo)"" ID=""rhel"" ID_LIKE=""fedora"" VARIANT=""Server"" VARIANT_ID=""server"" VERSION_ID=""7.9"" PRETTY_NAME=""Red Hat Enterprise Linux Server 7.9 (Maipo)"" ANSI_COLOR=""0;31"" CPE_NAME=""cpe:/o:redhat:enterprise_linux:7.9:GA:server"" HOME_URL=""https://www.redhat.com/"" BUG_REPORT_URL=""https://bugzilla.redhat.com/""  REDHAT_BUGZILLA_PRODUCT=""Red Hat Enterprise Linux 7"" REDHAT_BUGZILLA_PRODUCT_VERSION=7.9 REDHAT_SUPPORT_PRODUCT=""Red Hat Enterprise Linux"" REDHAT_SUPPORT_PRODUCT_VERSION=""7.9"""
hpc,9,testfile6,Computer Name,quartz2943
hpc,9,testfile6,Result Size,9461730
hpc,9,testfile6,Collection start time,00:39:34 22/04/2021 UTC
hpc,9,testfile6,Collection stop time,00:39:35 22/04/2021 UTC
hpc,9,testfile6,Collector Type,Driverless Perf per-process sampling
hpc,9,testfile6,Name,Intel(R) Xeon(R) Processor code named Broadwell
hpc,9,testfile6,Frequency,2095148457
hpc,9,testfile6,Logical CPU Count,72
vtuneCategory,threadcount,inputinfo,metric,value
tr,4,testfile6,Metric Name,Metric Value
tr,4,testfile6,Elapsed Time,2.457850
tr,4,testfile6,Paused Time,0.0
tr,4,testfile6,Effective CPU Utilization,4.8% (3.424 out of 72 logical CPUs)
tr,4,testfile6,OpenMP Analysis. Collection Time,2.457850
tr,4,testfile6,Serial Time (outside parallel regions),0.127s (5.2%)
tr,4,testfile6,Parallel Region Time,2.331s (94.8%)
tr,4,testfile6,Estimated Ideal Time,2.106s (85.7%)
tr,4,testfile6,OpenMP Potential Gain,0.225s (9.2%)
tr,4,testfile6,Total Thread Count,4
tr,4,testfile6,Thread Oversubscription,0s (0.0% of CPU Time)
tr,4,testfile6,Wait Time with poor CPU Utilization,0.001s (100.0% of Wait Time)
tr,4,testfile6,Spin and Overhead Time,1.020s (10.8% of CPU Time)
tr,4,testfile6,Application Command Line,"leukocyte ""6"" ""4"" ""../../data/leukocyte/testfile.avi"""
tr,4,testfile6,Operating System,"3.10.0-1160.15.2.1chaos.ch6.x86_64 NAME=""Red Hat Enterprise Linux Server"" VERSION=""7.9 (Maipo)"" ID=""rhel"" ID_LIKE=""fedora"" VARIANT=""Server"" VARIANT_ID=""server"" VERSION_ID=""7.9"" PRETTY_NAME=""Red Hat Enterprise Linux Server 7.9 (Maipo)"" ANSI_COLOR=""0;31"" CPE_NAME=""cpe:/o:redhat:enterprise_linux:7.9:GA:server"" HOME_URL=""https://www.redhat.com/"" BUG_REPORT_URL=""https://bugzilla.redhat.com/""  REDHAT_BUGZILLA_PRODUCT=""Red Hat Enterprise Linux 7"" REDHAT_BUGZILLA_PRODUCT_VERSION=7.9 REDHAT_SUPPORT_PRODUCT=""Red Hat Enterprise Linux"" REDHAT_SUPPORT_PRODUCT_VERSION=""7.9"""
tr,4,testfile6,Computer Name,quartz2943
tr,4,testfile6,Result Size,4100309
tr,4,testfile6,Collection start time,00:39:53 22/04/2021 UTC
tr,4,testfile6,Collection stop time,00:39:55 22/04/2021 UTC
tr,4,testfile6,Collector Type,User-mode sampling and tracing
tr,4,testfile6,Name,Intel(R) Xeon(R) Processor code named Broadwell
tr,4,testfile6,Frequency,2095148149
tr,4,testfile6,Logical CPU Count,72
vtuneCategory,threadcount,inputinfo,metric,value
hpc,4,testfile6,Metric Name,Metric Value
hpc,4,testfile6,Elapsed Time,2.528909
hpc,4,testfile6,SP GFLOPS,0.0
hpc,4,testfile6,DP GFLOPS,5.978872
hpc,4,testfile6,x87 GFLOPS,0.0
hpc,4,testfile6,CPI Rate,0.400446
hpc,4,testfile6,Average CPU Frequency,3236115102.569280
hpc,4,testfile6,Total Thread Count,4
hpc,4,testfile6,Effective Physical Core Utilization,9.4% (3.367 out of 36)
hpc,4,testfile6,Effective Logical Core Utilization,4.6% (3.345 out of 72)
hpc,4,testfile6,Serial Time (outside parallel regions),0.142s (5.6%)
hpc,4,testfile6,Parallel Region Time,2.387s (94.4%)
hpc,4,testfile6,Estimated Ideal Time,2.133s (84.4%)
hpc,4,testfile6,OpenMP Potential Gain,0.253s (10.0%)
hpc,4,testfile6,Memory Bound,12.2
hpc,4,testfile6,Cache Bound,5.4
hpc,4,testfile6,DRAM Bound,0.0
hpc,4,testfile6,NUMA: % of Remote Accesses,0.0
hpc,4,testfile6,Vectorization,0.0
hpc,4,testfile6,SP FLOPs,0.0
hpc,4,testfile6,Packed,0.0
hpc,4,testfile6,128-bit,0.0
hpc,4,testfile6,256-bit,0.0
hpc,4,testfile6,Scalar,0.0
hpc,4,testfile6,DP FLOPs,28.1
hpc,4,testfile6,Packed,0.0
hpc,4,testfile6,128-bit,0.0
hpc,4,testfile6,256-bit,0.0
hpc,4,testfile6,Scalar,100.0
hpc,4,testfile6,x87 FLOPs,0.0
hpc,4,testfile6,Non-FP,71.9
hpc,4,testfile6,FP Arith/Mem Rd Instr. Ratio,0.942205
hpc,4,testfile6,FP Arith/Mem Wr Instr. Ratio,5.106237
hpc,4,testfile6,Application Command Line,"leukocyte ""6"" ""4"" ""../../data/leukocyte/testfile.avi"""
hpc,4,testfile6,Operating System,"3.10.0-1160.15.2.1chaos.ch6.x86_64 NAME=""Red Hat Enterprise Linux Server"" VERSION=""7.9 (Maipo)"" ID=""rhel"" ID_LIKE=""fedora"" VARIANT=""Server"" VARIANT_ID=""server"" VERSION_ID=""7.9"" PRETTY_NAME=""Red Hat Enterprise Linux Server 7.9 (Maipo)"" ANSI_COLOR=""0;31"" CPE_NAME=""cpe:/o:redhat:enterprise_linux:7.9:GA:server"" HOME_URL=""https://www.redhat.com/"" BUG_REPORT_URL=""https://bugzilla.redhat.com/""  REDHAT_BUGZILLA_PRODUCT=""Red Hat Enterprise Linux 7"" REDHAT_BUGZILLA_PRODUCT_VERSION=7.9 REDHAT_SUPPORT_PRODUCT=""Red Hat Enterprise Linux"" REDHAT_SUPPORT_PRODUCT_VERSION=""7.9"""
hpc,4,testfile6,Computer Name,quartz2943
hpc,4,testfile6,Result Size,8558119
hpc,4,testfile6,Collection start time,00:40:09 22/04/2021 UTC
hpc,4,testfile6,Collection stop time,00:40:11 22/04/2021 UTC
hpc,4,testfile6,Collector Type,Driverless Perf per-process sampling
hpc,4,testfile6,Name,Intel(R) Xeon(R) Processor code named Broadwell
hpc,4,testfile6,Frequency,2095148234
hpc,4,testfile6,Logical CPU Count,72
vtuneCategory,threadcount,inputinfo,metric,value
tr,36,testfile7,Metric Name,Metric Value
tr,36,testfile7,Elapsed Time,1.073126
tr,36,testfile7,Paused Time,0.0
tr,36,testfile7,Effective CPU Utilization,17.9% (12.908 out of 72 logical CPUs)
tr,36,testfile7,OpenMP Analysis. Collection Time,1.073126
tr,36,testfile7,Serial Time (outside parallel regions),0.431s (40.2%)
tr,36,testfile7,Parallel Region Time,0.642s (59.8%)
tr,36,testfile7,Estimated Ideal Time,0.380s (35.4%)
tr,36,testfile7,OpenMP Potential Gain,0.262s (24.4%)
tr,36,testfile7,Total Thread Count,36
tr,36,testfile7,Thread Oversubscription,0s (0.0% of CPU Time)
tr,36,testfile7,Wait Time with poor CPU Utilization,1.772s (100.0% of Wait Time)
tr,36,testfile7,Spin and Overhead Time,12.799s (49.4% of CPU Time)
tr,36,testfile7,Application Command Line,"leukocyte ""7"" ""36"" ""../../data/leukocyte/testfile.avi"""
tr,36,testfile7,Operating System,"3.10.0-1160.15.2.1chaos.ch6.x86_64 NAME=""Red Hat Enterprise Linux Server"" VERSION=""7.9 (Maipo)"" ID=""rhel"" ID_LIKE=""fedora"" VARIANT=""Server"" VARIANT_ID=""server"" VERSION_ID=""7.9"" PRETTY_NAME=""Red Hat Enterprise Linux Server 7.9 (Maipo)"" ANSI_COLOR=""0;31"" CPE_NAME=""cpe:/o:redhat:enterprise_linux:7.9:GA:server"" HOME_URL=""https://www.redhat.com/"" BUG_REPORT_URL=""https://bugzilla.redhat.com/""  REDHAT_BUGZILLA_PRODUCT=""Red Hat Enterprise Linux 7"" REDHAT_BUGZILLA_PRODUCT_VERSION=7.9 REDHAT_SUPPORT_PRODUCT=""Red Hat Enterprise Linux"" REDHAT_SUPPORT_PRODUCT_VERSION=""7.9"""
tr,36,testfile7,Computer Name,quartz2943
tr,36,testfile7,Result Size,5010895
tr,36,testfile7,Collection start time,00:40:29 22/04/2021 UTC
tr,36,testfile7,Collection stop time,00:40:30 22/04/2021 UTC
tr,36,testfile7,Collector Type,User-mode sampling and tracing
tr,36,testfile7,Name,Intel(R) Xeon(R) Processor code named Broadwell
tr,36,testfile7,Frequency,2095147934
tr,36,testfile7,Logical CPU Count,72
vtuneCategory,threadcount,inputinfo,metric,value
hpc,36,testfile7,Metric Name,Metric Value
hpc,36,testfile7,Elapsed Time,1.512572
hpc,36,testfile7,SP GFLOPS,0.0
hpc,36,testfile7,DP GFLOPS,11.186262
hpc,36,testfile7,x87 GFLOPS,0.0
hpc,36,testfile7,CPI Rate,0.678313
hpc,36,testfile7,Average CPU Frequency,2621416186.212787
hpc,36,testfile7,Total Thread Count,36
hpc,36,testfile7,Effective Physical Core Utilization,25.8% (9.285 out of 36)
hpc,36,testfile7,Effective Logical Core Utilization,18.5% (13.296 out of 72)
hpc,36,testfile7,Serial Time (outside parallel regions),0.290s (19.2%)
hpc,36,testfile7,Parallel Region Time,1.222s (80.8%)
hpc,36,testfile7,Estimated Ideal Time,0.929s (61.4%)
hpc,36,testfile7,OpenMP Potential Gain,0.293s (19.4%)
hpc,36,testfile7,Memory Bound,10.1
hpc,36,testfile7,Cache Bound,7.2
hpc,36,testfile7,DRAM Bound,0.0
hpc,36,testfile7,NUMA: % of Remote Accesses,0.0
hpc,36,testfile7,Vectorization,0.0
hpc,36,testfile7,SP FLOPs,0.0
hpc,36,testfile7,Packed,0.0
hpc,36,testfile7,128-bit,0.0
hpc,36,testfile7,256-bit,0.0
hpc,36,testfile7,Scalar,0.0
hpc,36,testfile7,DP FLOPs,20.0
hpc,36,testfile7,Packed,0.0
hpc,36,testfile7,128-bit,0.0
hpc,36,testfile7,256-bit,0.0
hpc,36,testfile7,Scalar,100.0
hpc,36,testfile7,x87 FLOPs,0.0
hpc,36,testfile7,Non-FP,80.0
hpc,36,testfile7,FP Arith/Mem Rd Instr. Ratio,0.634903
hpc,36,testfile7,FP Arith/Mem Wr Instr. Ratio,2.986412
hpc,36,testfile7,Application Command Line,"leukocyte ""7"" ""36"" ""../../data/leukocyte/testfile.avi"""
hpc,36,testfile7,Operating System,"3.10.0-1160.15.2.1chaos.ch6.x86_64 NAME=""Red Hat Enterprise Linux Server"" VERSION=""7.9 (Maipo)"" ID=""rhel"" ID_LIKE=""fedora"" VARIANT=""Server"" VARIANT_ID=""server"" VERSION_ID=""7.9"" PRETTY_NAME=""Red Hat Enterprise Linux Server 7.9 (Maipo)"" ANSI_COLOR=""0;31"" CPE_NAME=""cpe:/o:redhat:enterprise_linux:7.9:GA:server"" HOME_URL=""https://www.redhat.com/"" BUG_REPORT_URL=""https://bugzilla.redhat.com/""  REDHAT_BUGZILLA_PRODUCT=""Red Hat Enterprise Linux 7"" REDHAT_BUGZILLA_PRODUCT_VERSION=7.9 REDHAT_SUPPORT_PRODUCT=""Red Hat Enterprise Linux"" REDHAT_SUPPORT_PRODUCT_VERSION=""7.9"""
hpc,36,testfile7,Computer Name,quartz2943
hpc,36,testfile7,Result Size,13710998
hpc,36,testfile7,Collection start time,00:40:44 22/04/2021 UTC
hpc,36,testfile7,Collection stop time,00:40:46 22/04/2021 UTC
hpc,36,testfile7,Collector Type,Driverless Perf per-process sampling
hpc,36,testfile7,Name,Intel(R) Xeon(R) Processor code named Broadwell
hpc,36,testfile7,Frequency,2095148370
hpc,36,testfile7,Logical CPU Count,72
vtuneCategory,threadcount,inputinfo,metric,value
tr,18,testfile7,Metric Name,Metric Value
tr,18,testfile7,Elapsed Time,1.155356
tr,18,testfile7,Paused Time,0.0
tr,18,testfile7,Effective CPU Utilization,14.9% (10.696 out of 72 logical CPUs)
tr,18,testfile7,OpenMP Analysis. Collection Time,1.155356
tr,18,testfile7,Serial Time (outside parallel regions),0.247s (21.3%)
tr,18,testfile7,Parallel Region Time,0.909s (78.7%)
tr,18,testfile7,Estimated Ideal Time,0.695s (60.1%)
tr,18,testfile7,OpenMP Potential Gain,0.214s (18.5%)
tr,18,testfile7,Total Thread Count,18
tr,18,testfile7,Thread Oversubscription,0s (0.0% of CPU Time)
tr,18,testfile7,Wait Time with poor CPU Utilization,0.291s (100.0% of Wait Time)
tr,18,testfile7,Spin and Overhead Time,4.909s (28.5% of CPU Time)
tr,18,testfile7,Application Command Line,"leukocyte ""7"" ""18"" ""../../data/leukocyte/testfile.avi"""
tr,18,testfile7,Operating System,"3.10.0-1160.15.2.1chaos.ch6.x86_64 NAME=""Red Hat Enterprise Linux Server"" VERSION=""7.9 (Maipo)"" ID=""rhel"" ID_LIKE=""fedora"" VARIANT=""Server"" VARIANT_ID=""server"" VERSION_ID=""7.9"" PRETTY_NAME=""Red Hat Enterprise Linux Server 7.9 (Maipo)"" ANSI_COLOR=""0;31"" CPE_NAME=""cpe:/o:redhat:enterprise_linux:7.9:GA:server"" HOME_URL=""https://www.redhat.com/"" BUG_REPORT_URL=""https://bugzilla.redhat.com/""  REDHAT_BUGZILLA_PRODUCT=""Red Hat Enterprise Linux 7"" REDHAT_BUGZILLA_PRODUCT_VERSION=7.9 REDHAT_SUPPORT_PRODUCT=""Red Hat Enterprise Linux"" REDHAT_SUPPORT_PRODUCT_VERSION=""7.9"""
tr,18,testfile7,Computer Name,quartz2943
tr,18,testfile7,Result Size,4558221
tr,18,testfile7,Collection start time,00:41:03 22/04/2021 UTC
tr,18,testfile7,Collection stop time,00:41:05 22/04/2021 UTC
tr,18,testfile7,Collector Type,User-mode sampling and tracing
tr,18,testfile7,Name,Intel(R) Xeon(R) Processor code named Broadwell
tr,18,testfile7,Frequency,2095147773
tr,18,testfile7,Logical CPU Count,72
vtuneCategory,threadcount,inputinfo,metric,value
hpc,18,testfile7,Metric Name,Metric Value
hpc,18,testfile7,Elapsed Time,1.291104
hpc,18,testfile7,SP GFLOPS,0.0
hpc,18,testfile7,DP GFLOPS,12.895958
hpc,18,testfile7,x87 GFLOPS,0.0
hpc,18,testfile7,CPI Rate,0.460061
hpc,18,testfile7,Average CPU Frequency,2667066568.337838
hpc,18,testfile7,Total Thread Count,18
hpc,18,testfile7,Effective Physical Core Utilization,28.2% (10.135 out of 36)
hpc,18,testfile7,Effective Logical Core Utilization,14.1% (10.154 out of 72)
hpc,18,testfile7,Serial Time (outside parallel regions),0.200s (15.5%)
hpc,18,testfile7,Parallel Region Time,1.091s (84.5%)
hpc,18,testfile7,Estimated Ideal Time,0.871s (67.5%)
hpc,18,testfile7,OpenMP Potential Gain,0.220s (17.1%)
hpc,18,testfile7,Memory Bound,8.6
hpc,18,testfile7,Cache Bound,3.2
hpc,18,testfile7,DRAM Bound,0.0
hpc,18,testfile7,NUMA: % of Remote Accesses,0.0
hpc,18,testfile7,Vectorization,0.0
hpc,18,testfile7,SP FLOPs,0.0
hpc,18,testfile7,Packed,0.0
hpc,18,testfile7,128-bit,0.0
hpc,18,testfile7,256-bit,0.0
hpc,18,testfile7,Scalar,0.0
hpc,18,testfile7,DP FLOPs,23.4
hpc,18,testfile7,Packed,0.0
hpc,18,testfile7,128-bit,0.0
hpc,18,testfile7,256-bit,0.0
hpc,18,testfile7,Scalar,100.0
hpc,18,testfile7,x87 FLOPs,0.0
hpc,18,testfile7,Non-FP,76.6
hpc,18,testfile7,FP Arith/Mem Rd Instr. Ratio,0.774361
hpc,18,testfile7,FP Arith/Mem Wr Instr. Ratio,3.878296
hpc,18,testfile7,Application Command Line,"leukocyte ""7"" ""18"" ""../../data/leukocyte/testfile.avi"""
hpc,18,testfile7,Operating System,"3.10.0-1160.15.2.1chaos.ch6.x86_64 NAME=""Red Hat Enterprise Linux Server"" VERSION=""7.9 (Maipo)"" ID=""rhel"" ID_LIKE=""fedora"" VARIANT=""Server"" VARIANT_ID=""server"" VERSION_ID=""7.9"" PRETTY_NAME=""Red Hat Enterprise Linux Server 7.9 (Maipo)"" ANSI_COLOR=""0;31"" CPE_NAME=""cpe:/o:redhat:enterprise_linux:7.9:GA:server"" HOME_URL=""https://www.redhat.com/"" BUG_REPORT_URL=""https://bugzilla.redhat.com/""  REDHAT_BUGZILLA_PRODUCT=""Red Hat Enterprise Linux 7"" REDHAT_BUGZILLA_PRODUCT_VERSION=7.9 REDHAT_SUPPORT_PRODUCT=""Red Hat Enterprise Linux"" REDHAT_SUPPORT_PRODUCT_VERSION=""7.9"""
hpc,18,testfile7,Computer Name,quartz2943
hpc,18,testfile7,Result Size,11059950
hpc,18,testfile7,Collection start time,00:41:19 22/04/2021 UTC
hpc,18,testfile7,Collection stop time,00:41:20 22/04/2021 UTC
hpc,18,testfile7,Collector Type,Driverless Perf per-process sampling
hpc,18,testfile7,Name,Intel(R) Xeon(R) Processor code named Broadwell
hpc,18,testfile7,Frequency,2095147835
hpc,18,testfile7,Logical CPU Count,72
vtuneCategory,threadcount,inputinfo,metric,value
tr,9,testfile7,Metric Name,Metric Value
tr,9,testfile7,Elapsed Time,1.663457
tr,9,testfile7,Paused Time,0.0
tr,9,testfile7,Effective CPU Utilization,9.1% (6.585 out of 72 logical CPUs)
tr,9,testfile7,OpenMP Analysis. Collection Time,1.663457
tr,9,testfile7,Serial Time (outside parallel regions),0.176s (10.6%)
tr,9,testfile7,Parallel Region Time,1.487s (89.4%)
tr,9,testfile7,Estimated Ideal Time,1.223s (73.5%)
tr,9,testfile7,OpenMP Potential Gain,0.264s (15.9%)
tr,9,testfile7,Total Thread Count,9
tr,9,testfile7,Thread Oversubscription,0s (0.0% of CPU Time)
tr,9,testfile7,Wait Time with poor CPU Utilization,0.026s (100.0% of Wait Time)
tr,9,testfile7,Spin and Overhead Time,2.720s (19.9% of CPU Time)
tr,9,testfile7,Application Command Line,"leukocyte ""7"" ""9"" ""../../data/leukocyte/testfile.avi"""
tr,9,testfile7,Operating System,"3.10.0-1160.15.2.1chaos.ch6.x86_64 NAME=""Red Hat Enterprise Linux Server"" VERSION=""7.9 (Maipo)"" ID=""rhel"" ID_LIKE=""fedora"" VARIANT=""Server"" VARIANT_ID=""server"" VERSION_ID=""7.9"" PRETTY_NAME=""Red Hat Enterprise Linux Server 7.9 (Maipo)"" ANSI_COLOR=""0;31"" CPE_NAME=""cpe:/o:redhat:enterprise_linux:7.9:GA:server"" HOME_URL=""https://www.redhat.com/"" BUG_REPORT_URL=""https://bugzilla.redhat.com/""  REDHAT_BUGZILLA_PRODUCT=""Red Hat Enterprise Linux 7"" REDHAT_BUGZILLA_PRODUCT_VERSION=7.9 REDHAT_SUPPORT_PRODUCT=""Red Hat Enterprise Linux"" REDHAT_SUPPORT_PRODUCT_VERSION=""7.9"""
tr,9,testfile7,Computer Name,quartz2943
tr,9,testfile7,Result Size,4319307
tr,9,testfile7,Collection start time,00:41:40 22/04/2021 UTC
tr,9,testfile7,Collection stop time,00:41:41 22/04/2021 UTC
tr,9,testfile7,Collector Type,User-mode sampling and tracing
tr,9,testfile7,Name,Intel(R) Xeon(R) Processor code named Broadwell
tr,9,testfile7,Frequency,2095148295
tr,9,testfile7,Logical CPU Count,72
vtuneCategory,threadcount,inputinfo,metric,value
hpc,9,testfile7,Metric Name,Metric Value
hpc,9,testfile7,Elapsed Time,1.904542
hpc,9,testfile7,SP GFLOPS,0.0
hpc,9,testfile7,DP GFLOPS,8.931296
hpc,9,testfile7,x87 GFLOPS,0.0
hpc,9,testfile7,CPI Rate,0.428341
hpc,9,testfile7,Average CPU Frequency,2640256014.531886
hpc,9,testfile7,Total Thread Count,9
hpc,9,testfile7,Effective Physical Core Utilization,18.2% (6.563 out of 36)
hpc,9,testfile7,Effective Logical Core Utilization,9.2% (6.631 out of 72)
hpc,9,testfile7,Serial Time (outside parallel regions),0.234s (12.3%)
hpc,9,testfile7,Parallel Region Time,1.670s (87.7%)
hpc,9,testfile7,Estimated Ideal Time,1.394s (73.2%)
hpc,9,testfile7,OpenMP Potential Gain,0.276s (14.5%)
hpc,9,testfile7,Memory Bound,9.9
hpc,9,testfile7,Cache Bound,3.9
hpc,9,testfile7,DRAM Bound,0.0
hpc,9,testfile7,NUMA: % of Remote Accesses,0.0
hpc,9,testfile7,Vectorization,0.0
hpc,9,testfile7,SP FLOPs,0.0
hpc,9,testfile7,Packed,0.0
hpc,9,testfile7,128-bit,0.0
hpc,9,testfile7,256-bit,0.0
hpc,9,testfile7,Scalar,0.0
hpc,9,testfile7,DP FLOPs,25.7
hpc,9,testfile7,Packed,0.0
hpc,9,testfile7,128-bit,0.0
hpc,9,testfile7,256-bit,0.0
hpc,9,testfile7,Scalar,100.0
hpc,9,testfile7,x87 FLOPs,0.0
hpc,9,testfile7,Non-FP,74.3
hpc,9,testfile7,FP Arith/Mem Rd Instr. Ratio,0.856730
hpc,9,testfile7,FP Arith/Mem Wr Instr. Ratio,4.354715
hpc,9,testfile7,Application Command Line,"leukocyte ""7"" ""9"" ""../../data/leukocyte/testfile.avi"""
hpc,9,testfile7,Operating System,"3.10.0-1160.15.2.1chaos.ch6.x86_64 NAME=""Red Hat Enterprise Linux Server"" VERSION=""7.9 (Maipo)"" ID=""rhel"" ID_LIKE=""fedora"" VARIANT=""Server"" VARIANT_ID=""server"" VERSION_ID=""7.9"" PRETTY_NAME=""Red Hat Enterprise Linux Server 7.9 (Maipo)"" ANSI_COLOR=""0;31"" CPE_NAME=""cpe:/o:redhat:enterprise_linux:7.9:GA:server"" HOME_URL=""https://www.redhat.com/"" BUG_REPORT_URL=""https://bugzilla.redhat.com/""  REDHAT_BUGZILLA_PRODUCT=""Red Hat Enterprise Linux 7"" REDHAT_BUGZILLA_PRODUCT_VERSION=7.9 REDHAT_SUPPORT_PRODUCT=""Red Hat Enterprise Linux"" REDHAT_SUPPORT_PRODUCT_VERSION=""7.9"""
hpc,9,testfile7,Computer Name,quartz2943
hpc,9,testfile7,Result Size,10255129
hpc,9,testfile7,Collection start time,00:41:56 22/04/2021 UTC
hpc,9,testfile7,Collection stop time,00:41:57 22/04/2021 UTC
hpc,9,testfile7,Collector Type,Driverless Perf per-process sampling
hpc,9,testfile7,Name,Intel(R) Xeon(R) Processor code named Broadwell
hpc,9,testfile7,Frequency,2095147976
hpc,9,testfile7,Logical CPU Count,72
vtuneCategory,threadcount,inputinfo,metric,value
tr,4,testfile7,Metric Name,Metric Value
tr,4,testfile7,Elapsed Time,2.803438
tr,4,testfile7,Paused Time,0.0
tr,4,testfile7,Effective CPU Utilization,4.7% (3.365 out of 72 logical CPUs)
tr,4,testfile7,OpenMP Analysis. Collection Time,2.803438
tr,4,testfile7,Serial Time (outside parallel regions),0.172s (6.1%)
tr,4,testfile7,Parallel Region Time,2.632s (93.9%)
tr,4,testfile7,Estimated Ideal Time,2.367s (84.4%)
tr,4,testfile7,OpenMP Potential Gain,0.265s (9.5%)
tr,4,testfile7,Total Thread Count,4
tr,4,testfile7,Thread Oversubscription,0s (0.0% of CPU Time)
tr,4,testfile7,Wait Time with poor CPU Utilization,0.001s (100.0% of Wait Time)
tr,4,testfile7,Spin and Overhead Time,1.250s (11.7% of CPU Time)
tr,4,testfile7,Application Command Line,"leukocyte ""7"" ""4"" ""../../data/leukocyte/testfile.avi"""
tr,4,testfile7,Operating System,"3.10.0-1160.15.2.1chaos.ch6.x86_64 NAME=""Red Hat Enterprise Linux Server"" VERSION=""7.9 (Maipo)"" ID=""rhel"" ID_LIKE=""fedora"" VARIANT=""Server"" VARIANT_ID=""server"" VERSION_ID=""7.9"" PRETTY_NAME=""Red Hat Enterprise Linux Server 7.9 (Maipo)"" ANSI_COLOR=""0;31"" CPE_NAME=""cpe:/o:redhat:enterprise_linux:7.9:GA:server"" HOME_URL=""https://www.redhat.com/"" BUG_REPORT_URL=""https://bugzilla.redhat.com/""  REDHAT_BUGZILLA_PRODUCT=""Red Hat Enterprise Linux 7"" REDHAT_BUGZILLA_PRODUCT_VERSION=7.9 REDHAT_SUPPORT_PRODUCT=""Red Hat Enterprise Linux"" REDHAT_SUPPORT_PRODUCT_VERSION=""7.9"""
tr,4,testfile7,Computer Name,quartz2943
tr,4,testfile7,Result Size,4099903
tr,4,testfile7,Collection start time,00:42:16 22/04/2021 UTC
tr,4,testfile7,Collection stop time,00:42:19 22/04/2021 UTC
tr,4,testfile7,Collector Type,User-mode sampling and tracing
tr,4,testfile7,Name,Intel(R) Xeon(R) Processor code named Broadwell
tr,4,testfile7,Frequency,2095147869
tr,4,testfile7,Logical CPU Count,72
vtuneCategory,threadcount,inputinfo,metric,value
hpc,4,testfile7,Metric Name,Metric Value
hpc,4,testfile7,Elapsed Time,2.828133
hpc,4,testfile7,SP GFLOPS,0.0
hpc,4,testfile7,DP GFLOPS,6.332808
hpc,4,testfile7,x87 GFLOPS,0.0
hpc,4,testfile7,CPI Rate,0.396091
hpc,4,testfile7,Average CPU Frequency,3220192569.283090
hpc,4,testfile7,Total Thread Count,4
hpc,4,testfile7,Effective Physical Core Utilization,9.7% (3.474 out of 36)
hpc,4,testfile7,Effective Logical Core Utilization,4.8% (3.464 out of 72)
hpc,4,testfile7,Serial Time (outside parallel regions),0.127s (4.5%)
hpc,4,testfile7,Parallel Region Time,2.701s (95.5%)
hpc,4,testfile7,Estimated Ideal Time,2.454s (86.8%)
hpc,4,testfile7,OpenMP Potential Gain,0.247s (8.7%)
hpc,4,testfile7,Memory Bound,11.3
hpc,4,testfile7,Cache Bound,3.7
hpc,4,testfile7,DRAM Bound,0.0
hpc,4,testfile7,NUMA: % of Remote Accesses,0.0
hpc,4,testfile7,Vectorization,0.0
hpc,4,testfile7,SP FLOPs,0.0
hpc,4,testfile7,Packed,0.0
hpc,4,testfile7,128-bit,0.0
hpc,4,testfile7,256-bit,0.0
hpc,4,testfile7,Scalar,0.0
hpc,4,testfile7,DP FLOPs,29.3
hpc,4,testfile7,Packed,0.0
hpc,4,testfile7,128-bit,0.0
hpc,4,testfile7,256-bit,0.0
hpc,4,testfile7,Scalar,100.0
hpc,4,testfile7,x87 FLOPs,0.0
hpc,4,testfile7,Non-FP,70.7
hpc,4,testfile7,FP Arith/Mem Rd Instr. Ratio,0.974984
hpc,4,testfile7,FP Arith/Mem Wr Instr. Ratio,5.148624
hpc,4,testfile7,Application Command Line,"leukocyte ""7"" ""4"" ""../../data/leukocyte/testfile.avi"""
hpc,4,testfile7,Operating System,"3.10.0-1160.15.2.1chaos.ch6.x86_64 NAME=""Red Hat Enterprise Linux Server"" VERSION=""7.9 (Maipo)"" ID=""rhel"" ID_LIKE=""fedora"" VARIANT=""Server"" VARIANT_ID=""server"" VERSION_ID=""7.9"" PRETTY_NAME=""Red Hat Enterprise Linux Server 7.9 (Maipo)"" ANSI_COLOR=""0;31"" CPE_NAME=""cpe:/o:redhat:enterprise_linux:7.9:GA:server"" HOME_URL=""https://www.redhat.com/"" BUG_REPORT_URL=""https://bugzilla.redhat.com/""  REDHAT_BUGZILLA_PRODUCT=""Red Hat Enterprise Linux 7"" REDHAT_BUGZILLA_PRODUCT_VERSION=7.9 REDHAT_SUPPORT_PRODUCT=""Red Hat Enterprise Linux"" REDHAT_SUPPORT_PRODUCT_VERSION=""7.9"""
hpc,4,testfile7,Computer Name,quartz2943
hpc,4,testfile7,Result Size,9332965
hpc,4,testfile7,Collection start time,00:42:33 22/04/2021 UTC
hpc,4,testfile7,Collection stop time,00:42:36 22/04/2021 UTC
hpc,4,testfile7,Collector Type,Driverless Perf per-process sampling
hpc,4,testfile7,Name,Intel(R) Xeon(R) Processor code named Broadwell
hpc,4,testfile7,Frequency,2095148276
hpc,4,testfile7,Logical CPU Count,72
vtuneCategory,threadcount,inputinfo,metric,value
tr,36,testfile8,Metric Name,Metric Value
tr,36,testfile8,Elapsed Time,1.285023
tr,36,testfile8,Paused Time,0.0
tr,36,testfile8,Effective CPU Utilization,17.0% (12.213 out of 72 logical CPUs)
tr,36,testfile8,OpenMP Analysis. Collection Time,1.285023
tr,36,testfile8,Serial Time (outside parallel regions),0.580s (45.2%)
tr,36,testfile8,Parallel Region Time,0.705s (54.8%)
tr,36,testfile8,Estimated Ideal Time,0.424s (33.0%)
tr,36,testfile8,OpenMP Potential Gain,0.281s (21.9%)
tr,36,testfile8,Total Thread Count,36
tr,36,testfile8,Thread Oversubscription,0s (0.0% of CPU Time)
tr,36,testfile8,Wait Time with poor CPU Utilization,2.077s (100.0% of Wait Time)
tr,36,testfile8,Spin and Overhead Time,14.870s (50.8% of CPU Time)
tr,36,testfile8,Application Command Line,"leukocyte ""8"" ""36"" ""../../data/leukocyte/testfile.avi"""
tr,36,testfile8,Operating System,"3.10.0-1160.15.2.1chaos.ch6.x86_64 NAME=""Red Hat Enterprise Linux Server"" VERSION=""7.9 (Maipo)"" ID=""rhel"" ID_LIKE=""fedora"" VARIANT=""Server"" VARIANT_ID=""server"" VERSION_ID=""7.9"" PRETTY_NAME=""Red Hat Enterprise Linux Server 7.9 (Maipo)"" ANSI_COLOR=""0;31"" CPE_NAME=""cpe:/o:redhat:enterprise_linux:7.9:GA:server"" HOME_URL=""https://www.redhat.com/"" BUG_REPORT_URL=""https://bugzilla.redhat.com/""  REDHAT_BUGZILLA_PRODUCT=""Red Hat Enterprise Linux 7"" REDHAT_BUGZILLA_PRODUCT_VERSION=7.9 REDHAT_SUPPORT_PRODUCT=""Red Hat Enterprise Linux"" REDHAT_SUPPORT_PRODUCT_VERSION=""7.9"""
tr,36,testfile8,Computer Name,quartz2943
tr,36,testfile8,Result Size,5118499
tr,36,testfile8,Collection start time,00:42:54 22/04/2021 UTC
tr,36,testfile8,Collection stop time,00:42:55 22/04/2021 UTC
tr,36,testfile8,Collector Type,User-mode sampling and tracing
tr,36,testfile8,Name,Intel(R) Xeon(R) Processor code named Broadwell
tr,36,testfile8,Frequency,2095147694
tr,36,testfile8,Logical CPU Count,72
vtuneCategory,threadcount,inputinfo,metric,value
hpc,36,testfile8,Metric Name,Metric Value
hpc,36,testfile8,Elapsed Time,1.698668
hpc,36,testfile8,SP GFLOPS,0.0
hpc,36,testfile8,DP GFLOPS,10.331639
hpc,36,testfile8,x87 GFLOPS,0.0
hpc,36,testfile8,CPI Rate,0.628371
hpc,36,testfile8,Average CPU Frequency,2601760109.019269
hpc,36,testfile8,Total Thread Count,36
hpc,36,testfile8,Effective Physical Core Utilization,27.7% (9.967 out of 36)
hpc,36,testfile8,Effective Logical Core Utilization,17.3% (12.465 out of 72)
hpc,36,testfile8,Serial Time (outside parallel regions),0.310s (18.3%)
hpc,36,testfile8,Parallel Region Time,1.388s (81.7%)
hpc,36,testfile8,Estimated Ideal Time,1.041s (61.3%)
hpc,36,testfile8,OpenMP Potential Gain,0.348s (20.5%)
hpc,36,testfile8,Memory Bound,9.5
hpc,36,testfile8,Cache Bound,5.9
hpc,36,testfile8,DRAM Bound,0.0
hpc,36,testfile8,NUMA: % of Remote Accesses,0.0
hpc,36,testfile8,Vectorization,0.0
hpc,36,testfile8,SP FLOPs,0.0
hpc,36,testfile8,Packed,0.0
hpc,36,testfile8,128-bit,0.0
hpc,36,testfile8,256-bit,0.0
hpc,36,testfile8,Scalar,0.0
hpc,36,testfile8,DP FLOPs,17.4
hpc,36,testfile8,Packed,0.0
hpc,36,testfile8,128-bit,0.0
hpc,36,testfile8,256-bit,0.0
hpc,36,testfile8,Scalar,100.0
hpc,36,testfile8,x87 FLOPs,0.0
hpc,36,testfile8,Non-FP,82.6
hpc,36,testfile8,FP Arith/Mem Rd Instr. Ratio,0.550365
hpc,36,testfile8,FP Arith/Mem Wr Instr. Ratio,2.574184
hpc,36,testfile8,Application Command Line,"leukocyte ""8"" ""36"" ""../../data/leukocyte/testfile.avi"""
hpc,36,testfile8,Operating System,"3.10.0-1160.15.2.1chaos.ch6.x86_64 NAME=""Red Hat Enterprise Linux Server"" VERSION=""7.9 (Maipo)"" ID=""rhel"" ID_LIKE=""fedora"" VARIANT=""Server"" VARIANT_ID=""server"" VERSION_ID=""7.9"" PRETTY_NAME=""Red Hat Enterprise Linux Server 7.9 (Maipo)"" ANSI_COLOR=""0;31"" CPE_NAME=""cpe:/o:redhat:enterprise_linux:7.9:GA:server"" HOME_URL=""https://www.redhat.com/"" BUG_REPORT_URL=""https://bugzilla.redhat.com/""  REDHAT_BUGZILLA_PRODUCT=""Red Hat Enterprise Linux 7"" REDHAT_BUGZILLA_PRODUCT_VERSION=7.9 REDHAT_SUPPORT_PRODUCT=""Red Hat Enterprise Linux"" REDHAT_SUPPORT_PRODUCT_VERSION=""7.9"""
hpc,36,testfile8,Computer Name,quartz2943
hpc,36,testfile8,Result Size,15392468
hpc,36,testfile8,Collection start time,00:43:11 22/04/2021 UTC
hpc,36,testfile8,Collection stop time,00:43:13 22/04/2021 UTC
hpc,36,testfile8,Collector Type,Driverless Perf per-process sampling
hpc,36,testfile8,Name,Intel(R) Xeon(R) Processor code named Broadwell
hpc,36,testfile8,Frequency,2095147829
hpc,36,testfile8,Logical CPU Count,72
vtuneCategory,threadcount,inputinfo,metric,value
tr,18,testfile8,Metric Name,Metric Value
tr,18,testfile8,Elapsed Time,1.307345
tr,18,testfile8,Paused Time,0.0
tr,18,testfile8,Effective CPU Utilization,14.9% (10.707 out of 72 logical CPUs)
tr,18,testfile8,OpenMP Analysis. Collection Time,1.307345
tr,18,testfile8,Serial Time (outside parallel regions),0.292s (22.4%)
tr,18,testfile8,Parallel Region Time,1.015s (77.6%)
tr,18,testfile8,Estimated Ideal Time,0.796s (60.9%)
tr,18,testfile8,OpenMP Potential Gain,0.219s (16.7%)
tr,18,testfile8,Total Thread Count,18
tr,18,testfile8,Thread Oversubscription,0s (0.0% of CPU Time)
tr,18,testfile8,Wait Time with poor CPU Utilization,0.406s (100.0% of Wait Time)
tr,18,testfile8,Spin and Overhead Time,5.159s (27.0% of CPU Time)
tr,18,testfile8,Application Command Line,"leukocyte ""8"" ""18"" ""../../data/leukocyte/testfile.avi"""
tr,18,testfile8,Operating System,"3.10.0-1160.15.2.1chaos.ch6.x86_64 NAME=""Red Hat Enterprise Linux Server"" VERSION=""7.9 (Maipo)"" ID=""rhel"" ID_LIKE=""fedora"" VARIANT=""Server"" VARIANT_ID=""server"" VERSION_ID=""7.9"" PRETTY_NAME=""Red Hat Enterprise Linux Server 7.9 (Maipo)"" ANSI_COLOR=""0;31"" CPE_NAME=""cpe:/o:redhat:enterprise_linux:7.9:GA:server"" HOME_URL=""https://www.redhat.com/"" BUG_REPORT_URL=""https://bugzilla.redhat.com/""  REDHAT_BUGZILLA_PRODUCT=""Red Hat Enterprise Linux 7"" REDHAT_BUGZILLA_PRODUCT_VERSION=7.9 REDHAT_SUPPORT_PRODUCT=""Red Hat Enterprise Linux"" REDHAT_SUPPORT_PRODUCT_VERSION=""7.9"""
tr,18,testfile8,Computer Name,quartz2943
tr,18,testfile8,Result Size,4587066
tr,18,testfile8,Collection start time,00:43:31 22/04/2021 UTC
tr,18,testfile8,Collection stop time,00:43:33 22/04/2021 UTC
tr,18,testfile8,Collector Type,User-mode sampling and tracing
tr,18,testfile8,Name,Intel(R) Xeon(R) Processor code named Broadwell
tr,18,testfile8,Frequency,2095147755
tr,18,testfile8,Logical CPU Count,72
vtuneCategory,threadcount,inputinfo,metric,value
hpc,18,testfile8,Metric Name,Metric Value
hpc,18,testfile8,Elapsed Time,1.366869
hpc,18,testfile8,SP GFLOPS,0.0
hpc,18,testfile8,DP GFLOPS,14.419843
hpc,18,testfile8,x87 GFLOPS,0.0
hpc,18,testfile8,CPI Rate,0.443846
hpc,18,testfile8,Average CPU Frequency,2598281611.466868
hpc,18,testfile8,Total Thread Count,18
hpc,18,testfile8,Effective Physical Core Utilization,30.7% (11.037 out of 36)
hpc,18,testfile8,Effective Logical Core Utilization,15.0% (10.816 out of 72)
hpc,18,testfile8,Serial Time (outside parallel regions),0.224s (16.4%)
hpc,18,testfile8,Parallel Region Time,1.143s (83.6%)
hpc,18,testfile8,Estimated Ideal Time,0.932s (68.2%)
hpc,18,testfile8,OpenMP Potential Gain,0.211s (15.4%)
hpc,18,testfile8,Memory Bound,10.2
hpc,18,testfile8,Cache Bound,4.0
hpc,18,testfile8,DRAM Bound,0.0
hpc,18,testfile8,NUMA: % of Remote Accesses,0.0
hpc,18,testfile8,Vectorization,0.0
hpc,18,testfile8,SP FLOPs,0.0
hpc,18,testfile8,Packed,0.0
hpc,18,testfile8,128-bit,0.0
hpc,18,testfile8,256-bit,0.0
hpc,18,testfile8,Scalar,0.0
hpc,18,testfile8,DP FLOPs,25.7
hpc,18,testfile8,Packed,0.0
hpc,18,testfile8,128-bit,0.0
hpc,18,testfile8,256-bit,0.0
hpc,18,testfile8,Scalar,100.0
hpc,18,testfile8,x87 FLOPs,0.0
hpc,18,testfile8,Non-FP,74.3
hpc,18,testfile8,FP Arith/Mem Rd Instr. Ratio,0.867818
hpc,18,testfile8,FP Arith/Mem Wr Instr. Ratio,4.256438
hpc,18,testfile8,Application Command Line,"leukocyte ""8"" ""18"" ""../../data/leukocyte/testfile.avi"""
hpc,18,testfile8,Operating System,"3.10.0-1160.15.2.1chaos.ch6.x86_64 NAME=""Red Hat Enterprise Linux Server"" VERSION=""7.9 (Maipo)"" ID=""rhel"" ID_LIKE=""fedora"" VARIANT=""Server"" VARIANT_ID=""server"" VERSION_ID=""7.9"" PRETTY_NAME=""Red Hat Enterprise Linux Server 7.9 (Maipo)"" ANSI_COLOR=""0;31"" CPE_NAME=""cpe:/o:redhat:enterprise_linux:7.9:GA:server"" HOME_URL=""https://www.redhat.com/"" BUG_REPORT_URL=""https://bugzilla.redhat.com/""  REDHAT_BUGZILLA_PRODUCT=""Red Hat Enterprise Linux 7"" REDHAT_BUGZILLA_PRODUCT_VERSION=7.9 REDHAT_SUPPORT_PRODUCT=""Red Hat Enterprise Linux"" REDHAT_SUPPORT_PRODUCT_VERSION=""7.9"""
hpc,18,testfile8,Computer Name,quartz2943
hpc,18,testfile8,Result Size,11578637
hpc,18,testfile8,Collection start time,00:43:49 22/04/2021 UTC
hpc,18,testfile8,Collection stop time,00:43:50 22/04/2021 UTC
hpc,18,testfile8,Collector Type,Driverless Perf per-process sampling
hpc,18,testfile8,Name,Intel(R) Xeon(R) Processor code named Broadwell
hpc,18,testfile8,Frequency,2095147813
hpc,18,testfile8,Logical CPU Count,72
vtuneCategory,threadcount,inputinfo,metric,value
tr,9,testfile8,Metric Name,Metric Value
tr,9,testfile8,Elapsed Time,1.942031
tr,9,testfile8,Paused Time,0.0
tr,9,testfile8,Effective CPU Utilization,8.9% (6.424 out of 72 logical CPUs)
tr,9,testfile8,OpenMP Analysis. Collection Time,1.942031
tr,9,testfile8,Serial Time (outside parallel regions),0.199s (10.3%)
tr,9,testfile8,Parallel Region Time,1.743s (89.7%)
tr,9,testfile8,Estimated Ideal Time,1.394s (71.8%)
tr,9,testfile8,OpenMP Potential Gain,0.349s (18.0%)
tr,9,testfile8,Total Thread Count,9
tr,9,testfile8,Thread Oversubscription,0s (0.0% of CPU Time)
tr,9,testfile8,Wait Time with poor CPU Utilization,0.028s (100.0% of Wait Time)
tr,9,testfile8,Spin and Overhead Time,3.579s (22.3% of CPU Time)
tr,9,testfile8,Application Command Line,"leukocyte ""8"" ""9"" ""../../data/leukocyte/testfile.avi"""
tr,9,testfile8,Operating System,"3.10.0-1160.15.2.1chaos.ch6.x86_64 NAME=""Red Hat Enterprise Linux Server"" VERSION=""7.9 (Maipo)"" ID=""rhel"" ID_LIKE=""fedora"" VARIANT=""Server"" VARIANT_ID=""server"" VERSION_ID=""7.9"" PRETTY_NAME=""Red Hat Enterprise Linux Server 7.9 (Maipo)"" ANSI_COLOR=""0;31"" CPE_NAME=""cpe:/o:redhat:enterprise_linux:7.9:GA:server"" HOME_URL=""https://www.redhat.com/"" BUG_REPORT_URL=""https://bugzilla.redhat.com/""  REDHAT_BUGZILLA_PRODUCT=""Red Hat Enterprise Linux 7"" REDHAT_BUGZILLA_PRODUCT_VERSION=7.9 REDHAT_SUPPORT_PRODUCT=""Red Hat Enterprise Linux"" REDHAT_SUPPORT_PRODUCT_VERSION=""7.9"""
tr,9,testfile8,Computer Name,quartz2943
tr,9,testfile8,Result Size,4410031
tr,9,testfile8,Collection start time,00:44:09 22/04/2021 UTC
tr,9,testfile8,Collection stop time,00:44:12 22/04/2021 UTC
tr,9,testfile8,Collector Type,User-mode sampling and tracing
tr,9,testfile8,Name,Intel(R) Xeon(R) Processor code named Broadwell
tr,9,testfile8,Frequency,2095147900
tr,9,testfile8,Logical CPU Count,72
vtuneCategory,threadcount,inputinfo,metric,value
hpc,9,testfile8,Metric Name,Metric Value
hpc,9,testfile8,Elapsed Time,2.133248
hpc,9,testfile8,SP GFLOPS,0.0
hpc,9,testfile8,DP GFLOPS,9.112879
hpc,9,testfile8,x87 GFLOPS,0.0
hpc,9,testfile8,CPI Rate,0.433303
hpc,9,testfile8,Average CPU Frequency,2660446066.334817
hpc,9,testfile8,Total Thread Count,9
hpc,9,testfile8,Effective Physical Core Utilization,18.5% (6.644 out of 36)
hpc,9,testfile8,Effective Logical Core Utilization,9.4% (6.742 out of 72)
hpc,9,testfile8,Serial Time (outside parallel regions),0.213s (10.0%)
hpc,9,testfile8,Parallel Region Time,1.920s (90.0%)
hpc,9,testfile8,Estimated Ideal Time,1.596s (74.8%)
hpc,9,testfile8,OpenMP Potential Gain,0.324s (15.2%)
hpc,9,testfile8,Memory Bound,9.4
hpc,9,testfile8,Cache Bound,4.2
hpc,9,testfile8,DRAM Bound,0.0
hpc,9,testfile8,NUMA: % of Remote Accesses,0.0
hpc,9,testfile8,Vectorization,0.0
hpc,9,testfile8,SP FLOPs,0.0
hpc,9,testfile8,Packed,0.0
hpc,9,testfile8,128-bit,0.0
hpc,9,testfile8,256-bit,0.0
hpc,9,testfile8,Scalar,0.0
hpc,9,testfile8,DP FLOPs,25.8
hpc,9,testfile8,Packed,0.0
hpc,9,testfile8,128-bit,0.0
hpc,9,testfile8,256-bit,0.0
hpc,9,testfile8,Scalar,100.0
hpc,9,testfile8,x87 FLOPs,0.0
hpc,9,testfile8,Non-FP,74.2
hpc,9,testfile8,FP Arith/Mem Rd Instr. Ratio,0.873232
hpc,9,testfile8,FP Arith/Mem Wr Instr. Ratio,4.328534
hpc,9,testfile8,Application Command Line,"leukocyte ""8"" ""9"" ""../../data/leukocyte/testfile.avi"""
hpc,9,testfile8,Operating System,"3.10.0-1160.15.2.1chaos.ch6.x86_64 NAME=""Red Hat Enterprise Linux Server"" VERSION=""7.9 (Maipo)"" ID=""rhel"" ID_LIKE=""fedora"" VARIANT=""Server"" VARIANT_ID=""server"" VERSION_ID=""7.9"" PRETTY_NAME=""Red Hat Enterprise Linux Server 7.9 (Maipo)"" ANSI_COLOR=""0;31"" CPE_NAME=""cpe:/o:redhat:enterprise_linux:7.9:GA:server"" HOME_URL=""https://www.redhat.com/"" BUG_REPORT_URL=""https://bugzilla.redhat.com/""  REDHAT_BUGZILLA_PRODUCT=""Red Hat Enterprise Linux 7"" REDHAT_BUGZILLA_PRODUCT_VERSION=7.9 REDHAT_SUPPORT_PRODUCT=""Red Hat Enterprise Linux"" REDHAT_SUPPORT_PRODUCT_VERSION=""7.9"""
hpc,9,testfile8,Computer Name,quartz2943
hpc,9,testfile8,Result Size,11406025
hpc,9,testfile8,Collection start time,00:44:27 22/04/2021 UTC
hpc,9,testfile8,Collection stop time,00:44:29 22/04/2021 UTC
hpc,9,testfile8,Collector Type,Driverless Perf per-process sampling
hpc,9,testfile8,Name,Intel(R) Xeon(R) Processor code named Broadwell
hpc,9,testfile8,Frequency,2095147919
hpc,9,testfile8,Logical CPU Count,72
vtuneCategory,threadcount,inputinfo,metric,value
tr,4,testfile8,Metric Name,Metric Value
tr,4,testfile8,Elapsed Time,3.149905
tr,4,testfile8,Paused Time,0.0
tr,4,testfile8,Effective CPU Utilization,4.8% (3.442 out of 72 logical CPUs)
tr,4,testfile8,OpenMP Analysis. Collection Time,3.149905
tr,4,testfile8,Serial Time (outside parallel regions),0.142s (4.5%)
tr,4,testfile8,Parallel Region Time,3.008s (95.5%)
tr,4,testfile8,Estimated Ideal Time,2.716s (86.2%)
tr,4,testfile8,OpenMP Potential Gain,0.292s (9.3%)
tr,4,testfile8,Total Thread Count,4
tr,4,testfile8,Thread Oversubscription,0s (0.0% of CPU Time)
tr,4,testfile8,Wait Time with poor CPU Utilization,0.001s (100.0% of Wait Time)
tr,4,testfile8,Spin and Overhead Time,1.310s (10.8% of CPU Time)
tr,4,testfile8,Application Command Line,"leukocyte ""8"" ""4"" ""../../data/leukocyte/testfile.avi"""
tr,4,testfile8,Operating System,"3.10.0-1160.15.2.1chaos.ch6.x86_64 NAME=""Red Hat Enterprise Linux Server"" VERSION=""7.9 (Maipo)"" ID=""rhel"" ID_LIKE=""fedora"" VARIANT=""Server"" VARIANT_ID=""server"" VERSION_ID=""7.9"" PRETTY_NAME=""Red Hat Enterprise Linux Server 7.9 (Maipo)"" ANSI_COLOR=""0;31"" CPE_NAME=""cpe:/o:redhat:enterprise_linux:7.9:GA:server"" HOME_URL=""https://www.redhat.com/"" BUG_REPORT_URL=""https://bugzilla.redhat.com/""  REDHAT_BUGZILLA_PRODUCT=""Red Hat Enterprise Linux 7"" REDHAT_BUGZILLA_PRODUCT_VERSION=7.9 REDHAT_SUPPORT_PRODUCT=""Red Hat Enterprise Linux"" REDHAT_SUPPORT_PRODUCT_VERSION=""7.9"""
tr,4,testfile8,Computer Name,quartz2943
tr,4,testfile8,Result Size,4235557
tr,4,testfile8,Collection start time,00:44:48 22/04/2021 UTC
tr,4,testfile8,Collection stop time,00:44:51 22/04/2021 UTC
tr,4,testfile8,Collector Type,User-mode sampling and tracing
tr,4,testfile8,Name,Intel(R) Xeon(R) Processor code named Broadwell
tr,4,testfile8,Frequency,2095147899
tr,4,testfile8,Logical CPU Count,72
vtuneCategory,threadcount,inputinfo,metric,value
hpc,4,testfile8,Metric Name,Metric Value
hpc,4,testfile8,Elapsed Time,3.202559
hpc,4,testfile8,SP GFLOPS,0.0
hpc,4,testfile8,DP GFLOPS,6.323078
hpc,4,testfile8,x87 GFLOPS,0.0
hpc,4,testfile8,CPI Rate,0.397773
hpc,4,testfile8,Average CPU Frequency,3235898088.272652
hpc,4,testfile8,Total Thread Count,4
hpc,4,testfile8,Effective Physical Core Utilization,9.6% (3.468 out of 36)
hpc,4,testfile8,Effective Logical Core Utilization,4.8% (3.468 out of 72)
hpc,4,testfile8,Serial Time (outside parallel regions),0.142s (4.4%)
hpc,4,testfile8,Parallel Region Time,3.060s (95.6%)
hpc,4,testfile8,Estimated Ideal Time,2.794s (87.2%)
hpc,4,testfile8,OpenMP Potential Gain,0.267s (8.3%)
hpc,4,testfile8,Memory Bound,11.7
hpc,4,testfile8,Cache Bound,3.7
hpc,4,testfile8,DRAM Bound,0.0
hpc,4,testfile8,NUMA: % of Remote Accesses,0.0
hpc,4,testfile8,Vectorization,0.0
hpc,4,testfile8,SP FLOPs,0.0
hpc,4,testfile8,Packed,0.0
hpc,4,testfile8,128-bit,0.0
hpc,4,testfile8,256-bit,0.0
hpc,4,testfile8,Scalar,0.0
hpc,4,testfile8,DP FLOPs,29.3
hpc,4,testfile8,Packed,0.0
hpc,4,testfile8,128-bit,0.0
hpc,4,testfile8,256-bit,0.0
hpc,4,testfile8,Scalar,100.0
hpc,4,testfile8,x87 FLOPs,0.0
hpc,4,testfile8,Non-FP,70.7
hpc,4,testfile8,FP Arith/Mem Rd Instr. Ratio,0.990071
hpc,4,testfile8,FP Arith/Mem Wr Instr. Ratio,5.331602
hpc,4,testfile8,Application Command Line,"leukocyte ""8"" ""4"" ""../../data/leukocyte/testfile.avi"""
hpc,4,testfile8,Operating System,"3.10.0-1160.15.2.1chaos.ch6.x86_64 NAME=""Red Hat Enterprise Linux Server"" VERSION=""7.9 (Maipo)"" ID=""rhel"" ID_LIKE=""fedora"" VARIANT=""Server"" VARIANT_ID=""server"" VERSION_ID=""7.9"" PRETTY_NAME=""Red Hat Enterprise Linux Server 7.9 (Maipo)"" ANSI_COLOR=""0;31"" CPE_NAME=""cpe:/o:redhat:enterprise_linux:7.9:GA:server"" HOME_URL=""https://www.redhat.com/"" BUG_REPORT_URL=""https://bugzilla.redhat.com/""  REDHAT_BUGZILLA_PRODUCT=""Red Hat Enterprise Linux 7"" REDHAT_BUGZILLA_PRODUCT_VERSION=7.9 REDHAT_SUPPORT_PRODUCT=""Red Hat Enterprise Linux"" REDHAT_SUPPORT_PRODUCT_VERSION=""7.9"""
hpc,4,testfile8,Computer Name,quartz2943
hpc,4,testfile8,Result Size,10019818
hpc,4,testfile8,Collection start time,00:45:06 22/04/2021 UTC
hpc,4,testfile8,Collection stop time,00:45:09 22/04/2021 UTC
hpc,4,testfile8,Collector Type,Driverless Perf per-process sampling
hpc,4,testfile8,Name,Intel(R) Xeon(R) Processor code named Broadwell
hpc,4,testfile8,Frequency,2095148224
hpc,4,testfile8,Logical CPU Count,72
vtuneCategory,threadcount,inputinfo,metric,value
tr,36,testfile9,Metric Name,Metric Value
tr,36,testfile9,Elapsed Time,1.254454
tr,36,testfile9,Paused Time,0.0
tr,36,testfile9,Effective CPU Utilization,18.3% (13.190 out of 72 logical CPUs)
tr,36,testfile9,OpenMP Analysis. Collection Time,1.254454
tr,36,testfile9,Serial Time (outside parallel regions),0.424s (33.8%)
tr,36,testfile9,Parallel Region Time,0.831s (66.2%)
tr,36,testfile9,Estimated Ideal Time,0.472s (37.6%)
tr,36,testfile9,OpenMP Potential Gain,0.359s (28.6%)
tr,36,testfile9,Total Thread Count,36
tr,36,testfile9,Thread Oversubscription,0s (0.0% of CPU Time)
tr,36,testfile9,Wait Time with poor CPU Utilization,1.828s (100.0% of Wait Time)
tr,36,testfile9,Spin and Overhead Time,16.647s (50.6% of CPU Time)
tr,36,testfile9,Application Command Line,"leukocyte ""9"" ""36"" ""../../data/leukocyte/testfile.avi"""
tr,36,testfile9,Operating System,"3.10.0-1160.15.2.1chaos.ch6.x86_64 NAME=""Red Hat Enterprise Linux Server"" VERSION=""7.9 (Maipo)"" ID=""rhel"" ID_LIKE=""fedora"" VARIANT=""Server"" VARIANT_ID=""server"" VERSION_ID=""7.9"" PRETTY_NAME=""Red Hat Enterprise Linux Server 7.9 (Maipo)"" ANSI_COLOR=""0;31"" CPE_NAME=""cpe:/o:redhat:enterprise_linux:7.9:GA:server"" HOME_URL=""https://www.redhat.com/"" BUG_REPORT_URL=""https://bugzilla.redhat.com/""  REDHAT_BUGZILLA_PRODUCT=""Red Hat Enterprise Linux 7"" REDHAT_BUGZILLA_PRODUCT_VERSION=7.9 REDHAT_SUPPORT_PRODUCT=""Red Hat Enterprise Linux"" REDHAT_SUPPORT_PRODUCT_VERSION=""7.9"""
tr,36,testfile9,Computer Name,quartz2943
tr,36,testfile9,Result Size,5235503
tr,36,testfile9,Collection start time,00:45:28 22/04/2021 UTC
tr,36,testfile9,Collection stop time,00:45:29 22/04/2021 UTC
tr,36,testfile9,Collector Type,User-mode sampling and tracing
tr,36,testfile9,Name,Intel(R) Xeon(R) Processor code named Broadwell
tr,36,testfile9,Frequency,2095147726
tr,36,testfile9,Logical CPU Count,72
vtuneCategory,threadcount,inputinfo,metric,value
hpc,36,testfile9,Metric Name,Metric Value
hpc,36,testfile9,Elapsed Time,1.895936
hpc,36,testfile9,SP GFLOPS,0.0
hpc,36,testfile9,DP GFLOPS,11.202924
hpc,36,testfile9,x87 GFLOPS,0.0
hpc,36,testfile9,CPI Rate,0.711915
hpc,36,testfile9,Average CPU Frequency,2639554732.258023
hpc,36,testfile9,Total Thread Count,36
hpc,36,testfile9,Effective Physical Core Utilization,24.8% (8.932 out of 36)
hpc,36,testfile9,Effective Logical Core Utilization,19.7% (14.155 out of 72)
hpc,36,testfile9,Serial Time (outside parallel regions),0.344s (18.1%)
hpc,36,testfile9,Parallel Region Time,1.552s (81.9%)
hpc,36,testfile9,Estimated Ideal Time,1.184s (62.4%)
hpc,36,testfile9,OpenMP Potential Gain,0.369s (19.4%)
hpc,36,testfile9,Memory Bound,10.7
hpc,36,testfile9,Cache Bound,8.7
hpc,36,testfile9,DRAM Bound,0.4
hpc,36,testfile9,NUMA: % of Remote Accesses,0.0
hpc,36,testfile9,Vectorization,0.0
hpc,36,testfile9,SP FLOPs,0.0
hpc,36,testfile9,Packed,0.0
hpc,36,testfile9,128-bit,0.0
hpc,36,testfile9,256-bit,0.0
hpc,36,testfile9,Scalar,0.0
hpc,36,testfile9,DP FLOPs,20.2
hpc,36,testfile9,Packed,0.0
hpc,36,testfile9,128-bit,0.0
hpc,36,testfile9,256-bit,0.0
hpc,36,testfile9,Scalar,100.0
hpc,36,testfile9,x87 FLOPs,0.0
hpc,36,testfile9,Non-FP,79.8
hpc,36,testfile9,FP Arith/Mem Rd Instr. Ratio,0.640503
hpc,36,testfile9,FP Arith/Mem Wr Instr. Ratio,2.888535
hpc,36,testfile9,Application Command Line,"leukocyte ""9"" ""36"" ""../../data/leukocyte/testfile.avi"""
hpc,36,testfile9,Operating System,"3.10.0-1160.15.2.1chaos.ch6.x86_64 NAME=""Red Hat Enterprise Linux Server"" VERSION=""7.9 (Maipo)"" ID=""rhel"" ID_LIKE=""fedora"" VARIANT=""Server"" VARIANT_ID=""server"" VERSION_ID=""7.9"" PRETTY_NAME=""Red Hat Enterprise Linux Server 7.9 (Maipo)"" ANSI_COLOR=""0;31"" CPE_NAME=""cpe:/o:redhat:enterprise_linux:7.9:GA:server"" HOME_URL=""https://www.redhat.com/"" BUG_REPORT_URL=""https://bugzilla.redhat.com/""  REDHAT_BUGZILLA_PRODUCT=""Red Hat Enterprise Linux 7"" REDHAT_BUGZILLA_PRODUCT_VERSION=7.9 REDHAT_SUPPORT_PRODUCT=""Red Hat Enterprise Linux"" REDHAT_SUPPORT_PRODUCT_VERSION=""7.9"""
hpc,36,testfile9,Computer Name,quartz2943
hpc,36,testfile9,Result Size,16563845
hpc,36,testfile9,Collection start time,00:45:45 22/04/2021 UTC
hpc,36,testfile9,Collection stop time,00:45:47 22/04/2021 UTC
hpc,36,testfile9,Collector Type,Driverless Perf per-process sampling
hpc,36,testfile9,Name,Intel(R) Xeon(R) Processor code named Broadwell
hpc,36,testfile9,Frequency,2095148270
hpc,36,testfile9,Logical CPU Count,72
vtuneCategory,threadcount,inputinfo,metric,value
tr,18,testfile9,Metric Name,Metric Value
tr,18,testfile9,Elapsed Time,1.429542
tr,18,testfile9,Paused Time,0.0
tr,18,testfile9,Effective CPU Utilization,15.0% (10.817 out of 72 logical CPUs)
tr,18,testfile9,OpenMP Analysis. Collection Time,1.429542
tr,18,testfile9,Serial Time (outside parallel regions),0.302s (21.1%)
tr,18,testfile9,Parallel Region Time,1.128s (78.9%)
tr,18,testfile9,Estimated Ideal Time,0.868s (60.7%)
tr,18,testfile9,OpenMP Potential Gain,0.260s (18.2%)
tr,18,testfile9,Total Thread Count,18
tr,18,testfile9,Thread Oversubscription,0s (0.0% of CPU Time)
tr,18,testfile9,Wait Time with poor CPU Utilization,0.245s (100.0% of Wait Time)
tr,18,testfile9,Spin and Overhead Time,5.999s (28.0% of CPU Time)
tr,18,testfile9,Application Command Line,"leukocyte ""9"" ""18"" ""../../data/leukocyte/testfile.avi"""
tr,18,testfile9,Operating System,"3.10.0-1160.15.2.1chaos.ch6.x86_64 NAME=""Red Hat Enterprise Linux Server"" VERSION=""7.9 (Maipo)"" ID=""rhel"" ID_LIKE=""fedora"" VARIANT=""Server"" VARIANT_ID=""server"" VERSION_ID=""7.9"" PRETTY_NAME=""Red Hat Enterprise Linux Server 7.9 (Maipo)"" ANSI_COLOR=""0;31"" CPE_NAME=""cpe:/o:redhat:enterprise_linux:7.9:GA:server"" HOME_URL=""https://www.redhat.com/"" BUG_REPORT_URL=""https://bugzilla.redhat.com/""  REDHAT_BUGZILLA_PRODUCT=""Red Hat Enterprise Linux 7"" REDHAT_BUGZILLA_PRODUCT_VERSION=7.9 REDHAT_SUPPORT_PRODUCT=""Red Hat Enterprise Linux"" REDHAT_SUPPORT_PRODUCT_VERSION=""7.9"""
tr,18,testfile9,Computer Name,quartz2943
tr,18,testfile9,Result Size,4690149
tr,18,testfile9,Collection start time,00:46:07 22/04/2021 UTC
tr,18,testfile9,Collection stop time,00:46:09 22/04/2021 UTC
tr,18,testfile9,Collector Type,User-mode sampling and tracing
tr,18,testfile9,Name,Intel(R) Xeon(R) Processor code named Broadwell
tr,18,testfile9,Frequency,2095148279
tr,18,testfile9,Logical CPU Count,72
vtuneCategory,threadcount,inputinfo,metric,value
hpc,18,testfile9,Metric Name,Metric Value
hpc,18,testfile9,Elapsed Time,1.542434
hpc,18,testfile9,SP GFLOPS,0.0
hpc,18,testfile9,DP GFLOPS,13.770468
hpc,18,testfile9,x87 GFLOPS,0.0
hpc,18,testfile9,CPI Rate,0.458266
hpc,18,testfile9,Average CPU Frequency,2654316558.161550
hpc,18,testfile9,Total Thread Count,18
hpc,18,testfile9,Effective Physical Core Utilization,29.9% (10.755 out of 36)
hpc,18,testfile9,Effective Logical Core Utilization,15.0% (10.787 out of 72)
hpc,18,testfile9,Serial Time (outside parallel regions),0.215s (13.9%)
hpc,18,testfile9,Parallel Region Time,1.328s (86.1%)
hpc,18,testfile9,Estimated Ideal Time,1.040s (67.4%)
hpc,18,testfile9,OpenMP Potential Gain,0.288s (18.7%)
hpc,18,testfile9,Memory Bound,9.4
hpc,18,testfile9,Cache Bound,4.5
hpc,18,testfile9,DRAM Bound,0.0
hpc,18,testfile9,NUMA: % of Remote Accesses,0.0
hpc,18,testfile9,Vectorization,0.0
hpc,18,testfile9,SP FLOPs,0.0
hpc,18,testfile9,Packed,0.0
hpc,18,testfile9,128-bit,0.0
hpc,18,testfile9,256-bit,0.0
hpc,18,testfile9,Scalar,0.0
hpc,18,testfile9,DP FLOPs,23.5
hpc,18,testfile9,Packed,0.0
hpc,18,testfile9,128-bit,0.0
hpc,18,testfile9,256-bit,0.0
hpc,18,testfile9,Scalar,100.0
hpc,18,testfile9,x87 FLOPs,0.0
hpc,18,testfile9,Non-FP,76.5
hpc,18,testfile9,FP Arith/Mem Rd Instr. Ratio,0.803792
hpc,18,testfile9,FP Arith/Mem Wr Instr. Ratio,3.972951
hpc,18,testfile9,Application Command Line,"leukocyte ""9"" ""18"" ""../../data/leukocyte/testfile.avi"""
hpc,18,testfile9,Operating System,"3.10.0-1160.15.2.1chaos.ch6.x86_64 NAME=""Red Hat Enterprise Linux Server"" VERSION=""7.9 (Maipo)"" ID=""rhel"" ID_LIKE=""fedora"" VARIANT=""Server"" VARIANT_ID=""server"" VERSION_ID=""7.9"" PRETTY_NAME=""Red Hat Enterprise Linux Server 7.9 (Maipo)"" ANSI_COLOR=""0;31"" CPE_NAME=""cpe:/o:redhat:enterprise_linux:7.9:GA:server"" HOME_URL=""https://www.redhat.com/"" BUG_REPORT_URL=""https://bugzilla.redhat.com/""  REDHAT_BUGZILLA_PRODUCT=""Red Hat Enterprise Linux 7"" REDHAT_BUGZILLA_PRODUCT_VERSION=7.9 REDHAT_SUPPORT_PRODUCT=""Red Hat Enterprise Linux"" REDHAT_SUPPORT_PRODUCT_VERSION=""7.9"""
hpc,18,testfile9,Computer Name,quartz2943
hpc,18,testfile9,Result Size,12704780
hpc,18,testfile9,Collection start time,00:46:23 22/04/2021 UTC
hpc,18,testfile9,Collection stop time,00:46:25 22/04/2021 UTC
hpc,18,testfile9,Collector Type,Driverless Perf per-process sampling
hpc,18,testfile9,Name,Intel(R) Xeon(R) Processor code named Broadwell
hpc,18,testfile9,Frequency,2095148454
hpc,18,testfile9,Logical CPU Count,72
vtuneCategory,threadcount,inputinfo,metric,value
tr,9,testfile9,Metric Name,Metric Value
tr,9,testfile9,Elapsed Time,2.045476
tr,9,testfile9,Paused Time,0.0
tr,9,testfile9,Effective CPU Utilization,9.5% (6.847 out of 72 logical CPUs)
tr,9,testfile9,OpenMP Analysis. Collection Time,2.045476
tr,9,testfile9,Serial Time (outside parallel regions),0.189s (9.2%)
tr,9,testfile9,Parallel Region Time,1.857s (90.8%)
tr,9,testfile9,Estimated Ideal Time,1.557s (76.1%)
tr,9,testfile9,OpenMP Potential Gain,0.300s (14.6%)
tr,9,testfile9,Total Thread Count,9
tr,9,testfile9,Thread Oversubscription,0s (0.0% of CPU Time)
tr,9,testfile9,Wait Time with poor CPU Utilization,0.009s (100.0% of Wait Time)
tr,9,testfile9,Spin and Overhead Time,3.080s (18.1% of CPU Time)
tr,9,testfile9,Application Command Line,"leukocyte ""9"" ""9"" ""../../data/leukocyte/testfile.avi"""
tr,9,testfile9,Operating System,"3.10.0-1160.15.2.1chaos.ch6.x86_64 NAME=""Red Hat Enterprise Linux Server"" VERSION=""7.9 (Maipo)"" ID=""rhel"" ID_LIKE=""fedora"" VARIANT=""Server"" VARIANT_ID=""server"" VERSION_ID=""7.9"" PRETTY_NAME=""Red Hat Enterprise Linux Server 7.9 (Maipo)"" ANSI_COLOR=""0;31"" CPE_NAME=""cpe:/o:redhat:enterprise_linux:7.9:GA:server"" HOME_URL=""https://www.redhat.com/"" BUG_REPORT_URL=""https://bugzilla.redhat.com/""  REDHAT_BUGZILLA_PRODUCT=""Red Hat Enterprise Linux 7"" REDHAT_BUGZILLA_PRODUCT_VERSION=7.9 REDHAT_SUPPORT_PRODUCT=""Red Hat Enterprise Linux"" REDHAT_SUPPORT_PRODUCT_VERSION=""7.9"""
tr,9,testfile9,Computer Name,quartz2943
tr,9,testfile9,Result Size,4511966
tr,9,testfile9,Collection start time,00:46:45 22/04/2021 UTC
tr,9,testfile9,Collection stop time,00:46:48 22/04/2021 UTC
tr,9,testfile9,Collector Type,User-mode sampling and tracing
tr,9,testfile9,Name,Intel(R) Xeon(R) Processor code named Broadwell
tr,9,testfile9,Frequency,2095147780
tr,9,testfile9,Logical CPU Count,72
vtuneCategory,threadcount,inputinfo,metric,value
hpc,9,testfile9,Metric Name,Metric Value
hpc,9,testfile9,Elapsed Time,2.209787
hpc,9,testfile9,SP GFLOPS,0.0
hpc,9,testfile9,DP GFLOPS,10.019082
hpc,9,testfile9,x87 GFLOPS,0.0
hpc,9,testfile9,CPI Rate,0.433755
hpc,9,testfile9,Average CPU Frequency,2833224553.311761
hpc,9,testfile9,Total Thread Count,9
hpc,9,testfile9,Effective Physical Core Utilization,18.9% (6.807 out of 36)
hpc,9,testfile9,Effective Logical Core Utilization,9.5% (6.842 out of 72)
hpc,9,testfile9,Serial Time (outside parallel regions),0.184s (8.3%)
hpc,9,testfile9,Parallel Region Time,2.026s (91.7%)
hpc,9,testfile9,Estimated Ideal Time,1.675s (75.8%)
hpc,9,testfile9,OpenMP Potential Gain,0.351s (15.9%)
hpc,9,testfile9,Memory Bound,10.2
hpc,9,testfile9,Cache Bound,4.1
hpc,9,testfile9,DRAM Bound,0.0
hpc,9,testfile9,NUMA: % of Remote Accesses,0.0
hpc,9,testfile9,Vectorization,0.0
hpc,9,testfile9,SP FLOPs,0.0
hpc,9,testfile9,Packed,0.0
hpc,9,testfile9,128-bit,0.0
hpc,9,testfile9,256-bit,0.0
hpc,9,testfile9,Scalar,0.0
hpc,9,testfile9,DP FLOPs,26.2
hpc,9,testfile9,Packed,0.0
hpc,9,testfile9,128-bit,0.0
hpc,9,testfile9,256-bit,0.0
hpc,9,testfile9,Scalar,100.0
hpc,9,testfile9,x87 FLOPs,0.0
hpc,9,testfile9,Non-FP,73.8
hpc,9,testfile9,FP Arith/Mem Rd Instr. Ratio,0.873555
hpc,9,testfile9,FP Arith/Mem Wr Instr. Ratio,4.476670
hpc,9,testfile9,Application Command Line,"leukocyte ""9"" ""9"" ""../../data/leukocyte/testfile.avi"""
hpc,9,testfile9,Operating System,"3.10.0-1160.15.2.1chaos.ch6.x86_64 NAME=""Red Hat Enterprise Linux Server"" VERSION=""7.9 (Maipo)"" ID=""rhel"" ID_LIKE=""fedora"" VARIANT=""Server"" VARIANT_ID=""server"" VERSION_ID=""7.9"" PRETTY_NAME=""Red Hat Enterprise Linux Server 7.9 (Maipo)"" ANSI_COLOR=""0;31"" CPE_NAME=""cpe:/o:redhat:enterprise_linux:7.9:GA:server"" HOME_URL=""https://www.redhat.com/"" BUG_REPORT_URL=""https://bugzilla.redhat.com/""  REDHAT_BUGZILLA_PRODUCT=""Red Hat Enterprise Linux 7"" REDHAT_BUGZILLA_PRODUCT_VERSION=7.9 REDHAT_SUPPORT_PRODUCT=""Red Hat Enterprise Linux"" REDHAT_SUPPORT_PRODUCT_VERSION=""7.9"""
hpc,9,testfile9,Computer Name,quartz2943
hpc,9,testfile9,Result Size,11790753
hpc,9,testfile9,Collection start time,00:47:02 22/04/2021 UTC
hpc,9,testfile9,Collection stop time,00:47:05 22/04/2021 UTC
hpc,9,testfile9,Collector Type,Driverless Perf per-process sampling
hpc,9,testfile9,Name,Intel(R) Xeon(R) Processor code named Broadwell
hpc,9,testfile9,Frequency,2095147745
hpc,9,testfile9,Logical CPU Count,72
vtuneCategory,threadcount,inputinfo,metric,value
tr,4,testfile9,Metric Name,Metric Value
tr,4,testfile9,Elapsed Time,3.684587
tr,4,testfile9,Paused Time,0.0
tr,4,testfile9,Effective CPU Utilization,4.7% (3.369 out of 72 logical CPUs)
tr,4,testfile9,OpenMP Analysis. Collection Time,3.684587
tr,4,testfile9,Serial Time (outside parallel regions),0.130s (3.5%)
tr,4,testfile9,Parallel Region Time,3.554s (96.5%)
tr,4,testfile9,Estimated Ideal Time,3.101s (84.2%)
tr,4,testfile9,OpenMP Potential Gain,0.454s (12.3%)
tr,4,testfile9,Total Thread Count,4
tr,4,testfile9,Thread Oversubscription,0s (0.0% of CPU Time)
tr,4,testfile9,Wait Time with poor CPU Utilization,0.002s (100.0% of Wait Time)
tr,4,testfile9,Spin and Overhead Time,1.930s (13.5% of CPU Time)
tr,4,testfile9,Application Command Line,"leukocyte ""9"" ""4"" ""../../data/leukocyte/testfile.avi"""
tr,4,testfile9,Operating System,"3.10.0-1160.15.2.1chaos.ch6.x86_64 NAME=""Red Hat Enterprise Linux Server"" VERSION=""7.9 (Maipo)"" ID=""rhel"" ID_LIKE=""fedora"" VARIANT=""Server"" VARIANT_ID=""server"" VERSION_ID=""7.9"" PRETTY_NAME=""Red Hat Enterprise Linux Server 7.9 (Maipo)"" ANSI_COLOR=""0;31"" CPE_NAME=""cpe:/o:redhat:enterprise_linux:7.9:GA:server"" HOME_URL=""https://www.redhat.com/"" BUG_REPORT_URL=""https://bugzilla.redhat.com/""  REDHAT_BUGZILLA_PRODUCT=""Red Hat Enterprise Linux 7"" REDHAT_BUGZILLA_PRODUCT_VERSION=7.9 REDHAT_SUPPORT_PRODUCT=""Red Hat Enterprise Linux"" REDHAT_SUPPORT_PRODUCT_VERSION=""7.9"""
tr,4,testfile9,Computer Name,quartz2943
tr,4,testfile9,Result Size,4315384
tr,4,testfile9,Collection start time,00:47:23 22/04/2021 UTC
tr,4,testfile9,Collection stop time,00:47:27 22/04/2021 UTC
tr,4,testfile9,Collector Type,User-mode sampling and tracing
tr,4,testfile9,Name,Intel(R) Xeon(R) Processor code named Broadwell
tr,4,testfile9,Frequency,2095148133
tr,4,testfile9,Logical CPU Count,72
vtuneCategory,threadcount,inputinfo,metric,value
hpc,4,testfile9,Metric Name,Metric Value
hpc,4,testfile9,Elapsed Time,3.574166
hpc,4,testfile9,SP GFLOPS,0.0
hpc,4,testfile9,DP GFLOPS,6.370726
hpc,4,testfile9,x87 GFLOPS,0.0
hpc,4,testfile9,CPI Rate,0.397539
hpc,4,testfile9,Average CPU Frequency,3233512123.240000
hpc,4,testfile9,Total Thread Count,4
hpc,4,testfile9,Effective Physical Core Utilization,9.7% (3.487 out of 36)
hpc,4,testfile9,Effective Logical Core Utilization,4.8% (3.479 out of 72)
hpc,4,testfile9,Serial Time (outside parallel regions),0.135s (3.8%)
hpc,4,testfile9,Parallel Region Time,3.439s (96.2%)
hpc,4,testfile9,Estimated Ideal Time,3.114s (87.1%)
hpc,4,testfile9,OpenMP Potential Gain,0.325s (9.1%)
hpc,4,testfile9,Memory Bound,11.6
hpc,4,testfile9,Cache Bound,3.9
hpc,4,testfile9,DRAM Bound,0.0
hpc,4,testfile9,NUMA: % of Remote Accesses,0.0
hpc,4,testfile9,Vectorization,0.0
hpc,4,testfile9,SP FLOPs,0.0
hpc,4,testfile9,Packed,0.0
hpc,4,testfile9,128-bit,0.0
hpc,4,testfile9,256-bit,0.0
hpc,4,testfile9,Scalar,0.0
hpc,4,testfile9,DP FLOPs,28.8
hpc,4,testfile9,Packed,0.0
hpc,4,testfile9,128-bit,0.0
hpc,4,testfile9,256-bit,0.0
hpc,4,testfile9,Scalar,100.0
hpc,4,testfile9,x87 FLOPs,0.0
hpc,4,testfile9,Non-FP,71.2
hpc,4,testfile9,FP Arith/Mem Rd Instr. Ratio,0.988060
hpc,4,testfile9,FP Arith/Mem Wr Instr. Ratio,5.292736
hpc,4,testfile9,Application Command Line,"leukocyte ""9"" ""4"" ""../../data/leukocyte/testfile.avi"""
hpc,4,testfile9,Operating System,"3.10.0-1160.15.2.1chaos.ch6.x86_64 NAME=""Red Hat Enterprise Linux Server"" VERSION=""7.9 (Maipo)"" ID=""rhel"" ID_LIKE=""fedora"" VARIANT=""Server"" VARIANT_ID=""server"" VERSION_ID=""7.9"" PRETTY_NAME=""Red Hat Enterprise Linux Server 7.9 (Maipo)"" ANSI_COLOR=""0;31"" CPE_NAME=""cpe:/o:redhat:enterprise_linux:7.9:GA:server"" HOME_URL=""https://www.redhat.com/"" BUG_REPORT_URL=""https://bugzilla.redhat.com/""  REDHAT_BUGZILLA_PRODUCT=""Red Hat Enterprise Linux 7"" REDHAT_BUGZILLA_PRODUCT_VERSION=7.9 REDHAT_SUPPORT_PRODUCT=""Red Hat Enterprise Linux"" REDHAT_SUPPORT_PRODUCT_VERSION=""7.9"""
hpc,4,testfile9,Computer Name,quartz2943
hpc,4,testfile9,Result Size,10618328
hpc,4,testfile9,Collection start time,00:47:41 22/04/2021 UTC
hpc,4,testfile9,Collection stop time,00:47:45 22/04/2021 UTC
hpc,4,testfile9,Collector Type,Driverless Perf per-process sampling
hpc,4,testfile9,Name,Intel(R) Xeon(R) Processor code named Broadwell
hpc,4,testfile9,Frequency,2095148244
hpc,4,testfile9,Logical CPU Count,72
vtuneCategory,threadcount,inputinfo,metric,value
tr,36,testfile10,Metric Name,Metric Value
tr,36,testfile10,Elapsed Time,1.247044
tr,36,testfile10,Paused Time,0.0
tr,36,testfile10,Effective CPU Utilization,20.3% (14.645 out of 72 logical CPUs)
tr,36,testfile10,OpenMP Analysis. Collection Time,1.247044
tr,36,testfile10,Serial Time (outside parallel regions),0.417s (33.5%)
tr,36,testfile10,Parallel Region Time,0.830s (66.5%)
tr,36,testfile10,Estimated Ideal Time,0.519s (41.6%)
tr,36,testfile10,OpenMP Potential Gain,0.311s (24.9%)
tr,36,testfile10,Total Thread Count,36
tr,36,testfile10,Thread Oversubscription,0s (0.0% of CPU Time)
tr,36,testfile10,Wait Time with poor CPU Utilization,1.683s (100.0% of Wait Time)
tr,36,testfile10,Spin and Overhead Time,15.058s (45.7% of CPU Time)
tr,36,testfile10,Application Command Line,"leukocyte ""10"" ""36"" ""../../data/leukocyte/testfile.avi"""
tr,36,testfile10,Operating System,"3.10.0-1160.15.2.1chaos.ch6.x86_64 NAME=""Red Hat Enterprise Linux Server"" VERSION=""7.9 (Maipo)"" ID=""rhel"" ID_LIKE=""fedora"" VARIANT=""Server"" VARIANT_ID=""server"" VERSION_ID=""7.9"" PRETTY_NAME=""Red Hat Enterprise Linux Server 7.9 (Maipo)"" ANSI_COLOR=""0;31"" CPE_NAME=""cpe:/o:redhat:enterprise_linux:7.9:GA:server"" HOME_URL=""https://www.redhat.com/"" BUG_REPORT_URL=""https://bugzilla.redhat.com/""  REDHAT_BUGZILLA_PRODUCT=""Red Hat Enterprise Linux 7"" REDHAT_BUGZILLA_PRODUCT_VERSION=7.9 REDHAT_SUPPORT_PRODUCT=""Red Hat Enterprise Linux"" REDHAT_SUPPORT_PRODUCT_VERSION=""7.9"""
tr,36,testfile10,Computer Name,quartz2943
tr,36,testfile10,Result Size,5227597
tr,36,testfile10,Collection start time,00:48:03 22/04/2021 UTC
tr,36,testfile10,Collection stop time,00:48:04 22/04/2021 UTC
tr,36,testfile10,Collector Type,User-mode sampling and tracing
tr,36,testfile10,Name,Intel(R) Xeon(R) Processor code named Broadwell
tr,36,testfile10,Frequency,2095147861
tr,36,testfile10,Logical CPU Count,72
vtuneCategory,threadcount,inputinfo,metric,value
hpc,36,testfile10,Metric Name,Metric Value
hpc,36,testfile10,Elapsed Time,2.116902
hpc,36,testfile10,SP GFLOPS,0.0
hpc,36,testfile10,DP GFLOPS,11.861693
hpc,36,testfile10,x87 GFLOPS,0.0
hpc,36,testfile10,CPI Rate,0.606790
hpc,36,testfile10,Average CPU Frequency,2604325143.479925
hpc,36,testfile10,Total Thread Count,36
hpc,36,testfile10,Effective Physical Core Utilization,28.7% (10.326 out of 36)
hpc,36,testfile10,Effective Logical Core Utilization,16.5% (11.854 out of 72)
hpc,36,testfile10,Serial Time (outside parallel regions),0.305s (14.4%)
hpc,36,testfile10,Parallel Region Time,1.812s (85.6%)
hpc,36,testfile10,Estimated Ideal Time,1.328s (62.7%)
hpc,36,testfile10,OpenMP Potential Gain,0.484s (22.8%)
hpc,36,testfile10,Memory Bound,10.7
hpc,36,testfile10,Cache Bound,6.2
hpc,36,testfile10,DRAM Bound,0.0
hpc,36,testfile10,NUMA: % of Remote Accesses,0.0
hpc,36,testfile10,Vectorization,0.0
hpc,36,testfile10,SP FLOPs,0.0
hpc,36,testfile10,Packed,0.0
hpc,36,testfile10,128-bit,0.0
hpc,36,testfile10,256-bit,0.0
hpc,36,testfile10,Scalar,0.0
hpc,36,testfile10,DP FLOPs,19.3
hpc,36,testfile10,Packed,0.0
hpc,36,testfile10,128-bit,0.0
hpc,36,testfile10,256-bit,0.0
hpc,36,testfile10,Scalar,100.0
hpc,36,testfile10,x87 FLOPs,0.0
hpc,36,testfile10,Non-FP,80.7
hpc,36,testfile10,FP Arith/Mem Rd Instr. Ratio,0.638499
hpc,36,testfile10,FP Arith/Mem Wr Instr. Ratio,2.964846
hpc,36,testfile10,Application Command Line,"leukocyte ""10"" ""36"" ""../../data/leukocyte/testfile.avi"""
hpc,36,testfile10,Operating System,"3.10.0-1160.15.2.1chaos.ch6.x86_64 NAME=""Red Hat Enterprise Linux Server"" VERSION=""7.9 (Maipo)"" ID=""rhel"" ID_LIKE=""fedora"" VARIANT=""Server"" VARIANT_ID=""server"" VERSION_ID=""7.9"" PRETTY_NAME=""Red Hat Enterprise Linux Server 7.9 (Maipo)"" ANSI_COLOR=""0;31"" CPE_NAME=""cpe:/o:redhat:enterprise_linux:7.9:GA:server"" HOME_URL=""https://www.redhat.com/"" BUG_REPORT_URL=""https://bugzilla.redhat.com/""  REDHAT_BUGZILLA_PRODUCT=""Red Hat Enterprise Linux 7"" REDHAT_BUGZILLA_PRODUCT_VERSION=7.9 REDHAT_SUPPORT_PRODUCT=""Red Hat Enterprise Linux"" REDHAT_SUPPORT_PRODUCT_VERSION=""7.9"""
hpc,36,testfile10,Computer Name,quartz2943
hpc,36,testfile10,Result Size,18179599
hpc,36,testfile10,Collection start time,00:48:19 22/04/2021 UTC
hpc,36,testfile10,Collection stop time,00:48:21 22/04/2021 UTC
hpc,36,testfile10,Collector Type,Driverless Perf per-process sampling
hpc,36,testfile10,Name,Intel(R) Xeon(R) Processor code named Broadwell
hpc,36,testfile10,Frequency,2095147869
hpc,36,testfile10,Logical CPU Count,72
vtuneCategory,threadcount,inputinfo,metric,value
tr,18,testfile10,Metric Name,Metric Value
tr,18,testfile10,Elapsed Time,1.461794
tr,18,testfile10,Paused Time,0.0
tr,18,testfile10,Effective CPU Utilization,16.1% (11.576 out of 72 logical CPUs)
tr,18,testfile10,OpenMP Analysis. Collection Time,1.461794
tr,18,testfile10,Serial Time (outside parallel regions),0.237s (16.2%)
tr,18,testfile10,Parallel Region Time,1.225s (83.8%)
tr,18,testfile10,Estimated Ideal Time,0.956s (65.4%)
tr,18,testfile10,OpenMP Potential Gain,0.269s (18.4%)
tr,18,testfile10,Total Thread Count,18
tr,18,testfile10,Thread Oversubscription,0s (0.0% of CPU Time)
tr,18,testfile10,Wait Time with poor CPU Utilization,0.298s (100.0% of Wait Time)
tr,18,testfile10,Spin and Overhead Time,6.028s (26.3% of CPU Time)
tr,18,testfile10,Application Command Line,"leukocyte ""10"" ""18"" ""../../data/leukocyte/testfile.avi"""
tr,18,testfile10,Operating System,"3.10.0-1160.15.2.1chaos.ch6.x86_64 NAME=""Red Hat Enterprise Linux Server"" VERSION=""7.9 (Maipo)"" ID=""rhel"" ID_LIKE=""fedora"" VARIANT=""Server"" VARIANT_ID=""server"" VERSION_ID=""7.9"" PRETTY_NAME=""Red Hat Enterprise Linux Server 7.9 (Maipo)"" ANSI_COLOR=""0;31"" CPE_NAME=""cpe:/o:redhat:enterprise_linux:7.9:GA:server"" HOME_URL=""https://www.redhat.com/"" BUG_REPORT_URL=""https://bugzilla.redhat.com/""  REDHAT_BUGZILLA_PRODUCT=""Red Hat Enterprise Linux 7"" REDHAT_BUGZILLA_PRODUCT_VERSION=7.9 REDHAT_SUPPORT_PRODUCT=""Red Hat Enterprise Linux"" REDHAT_SUPPORT_PRODUCT_VERSION=""7.9"""
tr,18,testfile10,Computer Name,quartz2943
tr,18,testfile10,Result Size,4746307
tr,18,testfile10,Collection start time,00:48:41 22/04/2021 UTC
tr,18,testfile10,Collection stop time,00:48:43 22/04/2021 UTC
tr,18,testfile10,Collector Type,User-mode sampling and tracing
tr,18,testfile10,Name,Intel(R) Xeon(R) Processor code named Broadwell
tr,18,testfile10,Frequency,2095147743
tr,18,testfile10,Logical CPU Count,72
vtuneCategory,threadcount,inputinfo,metric,value
hpc,18,testfile10,Metric Name,Metric Value
hpc,18,testfile10,Elapsed Time,1.618696
hpc,18,testfile10,SP GFLOPS,0.0
hpc,18,testfile10,DP GFLOPS,15.012102
hpc,18,testfile10,x87 GFLOPS,0.0
hpc,18,testfile10,CPI Rate,0.448324
hpc,18,testfile10,Average CPU Frequency,2667144661.281013
hpc,18,testfile10,Total Thread Count,18
hpc,18,testfile10,Effective Physical Core Utilization,31.1% (11.201 out of 36)
hpc,18,testfile10,Effective Logical Core Utilization,15.5% (11.140 out of 72)
hpc,18,testfile10,Serial Time (outside parallel regions),0.204s (12.6%)
hpc,18,testfile10,Parallel Region Time,1.414s (87.4%)
hpc,18,testfile10,Estimated Ideal Time,1.135s (70.1%)
hpc,18,testfile10,OpenMP Potential Gain,0.279s (17.3%)
hpc,18,testfile10,Memory Bound,8.4
hpc,18,testfile10,Cache Bound,2.8
hpc,18,testfile10,DRAM Bound,0.0
hpc,18,testfile10,NUMA: % of Remote Accesses,0.0
hpc,18,testfile10,Vectorization,0.0
hpc,18,testfile10,SP FLOPs,0.0
hpc,18,testfile10,Packed,0.0
hpc,18,testfile10,128-bit,0.0
hpc,18,testfile10,256-bit,0.0
hpc,18,testfile10,Scalar,0.0
hpc,18,testfile10,DP FLOPs,24.8
hpc,18,testfile10,Packed,0.0
hpc,18,testfile10,128-bit,0.0
hpc,18,testfile10,256-bit,0.0
hpc,18,testfile10,Scalar,100.0
hpc,18,testfile10,x87 FLOPs,0.0
hpc,18,testfile10,Non-FP,75.2
hpc,18,testfile10,FP Arith/Mem Rd Instr. Ratio,0.830873
hpc,18,testfile10,FP Arith/Mem Wr Instr. Ratio,4.169765
hpc,18,testfile10,Application Command Line,"leukocyte ""10"" ""18"" ""../../data/leukocyte/testfile.avi"""
hpc,18,testfile10,Operating System,"3.10.0-1160.15.2.1chaos.ch6.x86_64 NAME=""Red Hat Enterprise Linux Server"" VERSION=""7.9 (Maipo)"" ID=""rhel"" ID_LIKE=""fedora"" VARIANT=""Server"" VARIANT_ID=""server"" VERSION_ID=""7.9"" PRETTY_NAME=""Red Hat Enterprise Linux Server 7.9 (Maipo)"" ANSI_COLOR=""0;31"" CPE_NAME=""cpe:/o:redhat:enterprise_linux:7.9:GA:server"" HOME_URL=""https://www.redhat.com/"" BUG_REPORT_URL=""https://bugzilla.redhat.com/""  REDHAT_BUGZILLA_PRODUCT=""Red Hat Enterprise Linux 7"" REDHAT_BUGZILLA_PRODUCT_VERSION=7.9 REDHAT_SUPPORT_PRODUCT=""Red Hat Enterprise Linux"" REDHAT_SUPPORT_PRODUCT_VERSION=""7.9"""
hpc,18,testfile10,Computer Name,quartz2943
hpc,18,testfile10,Result Size,13254988
hpc,18,testfile10,Collection start time,00:48:57 22/04/2021 UTC
hpc,18,testfile10,Collection stop time,00:48:59 22/04/2021 UTC
hpc,18,testfile10,Collector Type,Driverless Perf per-process sampling
hpc,18,testfile10,Name,Intel(R) Xeon(R) Processor code named Broadwell
hpc,18,testfile10,Frequency,2095147867
hpc,18,testfile10,Logical CPU Count,72
vtuneCategory,threadcount,inputinfo,metric,value
tr,9,testfile10,Metric Name,Metric Value
tr,9,testfile10,Elapsed Time,2.223681
tr,9,testfile10,Paused Time,0.0
tr,9,testfile10,Effective CPU Utilization,9.4% (6.793 out of 72 logical CPUs)
tr,9,testfile10,OpenMP Analysis. Collection Time,2.223681
tr,9,testfile10,Serial Time (outside parallel regions),0.179s (8.0%)
tr,9,testfile10,Parallel Region Time,2.045s (92.0%)
tr,9,testfile10,Estimated Ideal Time,1.695s (76.2%)
tr,9,testfile10,OpenMP Potential Gain,0.349s (15.7%)
tr,9,testfile10,Total Thread Count,9
tr,9,testfile10,Thread Oversubscription,0s (0.0% of CPU Time)
tr,9,testfile10,Wait Time with poor CPU Utilization,0.023s (100.0% of Wait Time)
tr,9,testfile10,Spin and Overhead Time,3.690s (19.7% of CPU Time)
tr,9,testfile10,Application Command Line,"leukocyte ""10"" ""9"" ""../../data/leukocyte/testfile.avi"""
tr,9,testfile10,Operating System,"3.10.0-1160.15.2.1chaos.ch6.x86_64 NAME=""Red Hat Enterprise Linux Server"" VERSION=""7.9 (Maipo)"" ID=""rhel"" ID_LIKE=""fedora"" VARIANT=""Server"" VARIANT_ID=""server"" VERSION_ID=""7.9"" PRETTY_NAME=""Red Hat Enterprise Linux Server 7.9 (Maipo)"" ANSI_COLOR=""0;31"" CPE_NAME=""cpe:/o:redhat:enterprise_linux:7.9:GA:server"" HOME_URL=""https://www.redhat.com/"" BUG_REPORT_URL=""https://bugzilla.redhat.com/""  REDHAT_BUGZILLA_PRODUCT=""Red Hat Enterprise Linux 7"" REDHAT_BUGZILLA_PRODUCT_VERSION=7.9 REDHAT_SUPPORT_PRODUCT=""Red Hat Enterprise Linux"" REDHAT_SUPPORT_PRODUCT_VERSION=""7.9"""
tr,9,testfile10,Computer Name,quartz2943
tr,9,testfile10,Result Size,4540656
tr,9,testfile10,Collection start time,00:49:17 22/04/2021 UTC
tr,9,testfile10,Collection stop time,00:49:19 22/04/2021 UTC
tr,9,testfile10,Collector Type,User-mode sampling and tracing
tr,9,testfile10,Name,Intel(R) Xeon(R) Processor code named Broadwell
tr,9,testfile10,Frequency,2095147731
tr,9,testfile10,Logical CPU Count,72
vtuneCategory,threadcount,inputinfo,metric,value
hpc,9,testfile10,Metric Name,Metric Value
hpc,9,testfile10,Elapsed Time,2.386944
hpc,9,testfile10,SP GFLOPS,0.0
hpc,9,testfile10,DP GFLOPS,10.255807
hpc,9,testfile10,x87 GFLOPS,0.0
hpc,9,testfile10,CPI Rate,0.432031
hpc,9,testfile10,Average CPU Frequency,2855697506.381785
hpc,9,testfile10,Total Thread Count,9
hpc,9,testfile10,Effective Physical Core Utilization,19.0% (6.844 out of 36)
hpc,9,testfile10,Effective Logical Core Utilization,9.6% (6.910 out of 72)
hpc,9,testfile10,Serial Time (outside parallel regions),0.172s (7.2%)
hpc,9,testfile10,Parallel Region Time,2.215s (92.8%)
hpc,9,testfile10,Estimated Ideal Time,1.831s (76.7%)
hpc,9,testfile10,OpenMP Potential Gain,0.385s (16.1%)
hpc,9,testfile10,Memory Bound,10.0
hpc,9,testfile10,Cache Bound,4.2
hpc,9,testfile10,DRAM Bound,0.0
hpc,9,testfile10,NUMA: % of Remote Accesses,0.0
hpc,9,testfile10,Vectorization,0.0
hpc,9,testfile10,SP FLOPs,0.0
hpc,9,testfile10,Packed,0.0
hpc,9,testfile10,128-bit,0.0
hpc,9,testfile10,256-bit,0.0
hpc,9,testfile10,Scalar,0.0
hpc,9,testfile10,DP FLOPs,26.1
hpc,9,testfile10,Packed,0.0
hpc,9,testfile10,128-bit,0.0
hpc,9,testfile10,256-bit,0.0
hpc,9,testfile10,Scalar,100.0
hpc,9,testfile10,x87 FLOPs,0.0
hpc,9,testfile10,Non-FP,73.9
hpc,9,testfile10,FP Arith/Mem Rd Instr. Ratio,0.868985
hpc,9,testfile10,FP Arith/Mem Wr Instr. Ratio,4.510651
hpc,9,testfile10,Application Command Line,"leukocyte ""10"" ""9"" ""../../data/leukocyte/testfile.avi"""
hpc,9,testfile10,Operating System,"3.10.0-1160.15.2.1chaos.ch6.x86_64 NAME=""Red Hat Enterprise Linux Server"" VERSION=""7.9 (Maipo)"" ID=""rhel"" ID_LIKE=""fedora"" VARIANT=""Server"" VARIANT_ID=""server"" VERSION_ID=""7.9"" PRETTY_NAME=""Red Hat Enterprise Linux Server 7.9 (Maipo)"" ANSI_COLOR=""0;31"" CPE_NAME=""cpe:/o:redhat:enterprise_linux:7.9:GA:server"" HOME_URL=""https://www.redhat.com/"" BUG_REPORT_URL=""https://bugzilla.redhat.com/""  REDHAT_BUGZILLA_PRODUCT=""Red Hat Enterprise Linux 7"" REDHAT_BUGZILLA_PRODUCT_VERSION=7.9 REDHAT_SUPPORT_PRODUCT=""Red Hat Enterprise Linux"" REDHAT_SUPPORT_PRODUCT_VERSION=""7.9"""
hpc,9,testfile10,Computer Name,quartz2943
hpc,9,testfile10,Result Size,12759106
hpc,9,testfile10,Collection start time,00:49:34 22/04/2021 UTC
hpc,9,testfile10,Collection stop time,00:49:36 22/04/2021 UTC
hpc,9,testfile10,Collector Type,Driverless Perf per-process sampling
hpc,9,testfile10,Name,Intel(R) Xeon(R) Processor code named Broadwell
hpc,9,testfile10,Frequency,2095148397
hpc,9,testfile10,Logical CPU Count,72
vtuneCategory,threadcount,inputinfo,metric,value
tr,4,testfile10,Metric Name,Metric Value
tr,4,testfile10,Elapsed Time,3.854268
tr,4,testfile10,Paused Time,0.0
tr,4,testfile10,Effective CPU Utilization,4.8% (3.475 out of 72 logical CPUs)
tr,4,testfile10,OpenMP Analysis. Collection Time,3.854268
tr,4,testfile10,Serial Time (outside parallel regions),0.138s (3.6%)
tr,4,testfile10,Parallel Region Time,3.716s (96.4%)
tr,4,testfile10,Estimated Ideal Time,3.354s (87.0%)
tr,4,testfile10,OpenMP Potential Gain,0.362s (9.4%)
tr,4,testfile10,Total Thread Count,4
tr,4,testfile10,Thread Oversubscription,0s (0.0% of CPU Time)
tr,4,testfile10,Wait Time with poor CPU Utilization,0.001s (100.0% of Wait Time)
tr,4,testfile10,Spin and Overhead Time,1.600s (10.7% of CPU Time)
tr,4,testfile10,Application Command Line,"leukocyte ""10"" ""4"" ""../../data/leukocyte/testfile.avi"""
tr,4,testfile10,Operating System,"3.10.0-1160.15.2.1chaos.ch6.x86_64 NAME=""Red Hat Enterprise Linux Server"" VERSION=""7.9 (Maipo)"" ID=""rhel"" ID_LIKE=""fedora"" VARIANT=""Server"" VARIANT_ID=""server"" VERSION_ID=""7.9"" PRETTY_NAME=""Red Hat Enterprise Linux Server 7.9 (Maipo)"" ANSI_COLOR=""0;31"" CPE_NAME=""cpe:/o:redhat:enterprise_linux:7.9:GA:server"" HOME_URL=""https://www.redhat.com/"" BUG_REPORT_URL=""https://bugzilla.redhat.com/""  REDHAT_BUGZILLA_PRODUCT=""Red Hat Enterprise Linux 7"" REDHAT_BUGZILLA_PRODUCT_VERSION=7.9 REDHAT_SUPPORT_PRODUCT=""Red Hat Enterprise Linux"" REDHAT_SUPPORT_PRODUCT_VERSION=""7.9"""
tr,4,testfile10,Computer Name,quartz2943
tr,4,testfile10,Result Size,4340627
tr,4,testfile10,Collection start time,00:49:55 22/04/2021 UTC
tr,4,testfile10,Collection stop time,00:49:59 22/04/2021 UTC
tr,4,testfile10,Collector Type,User-mode sampling and tracing
tr,4,testfile10,Name,Intel(R) Xeon(R) Processor code named Broadwell
tr,4,testfile10,Frequency,2095147913
tr,4,testfile10,Logical CPU Count,72
vtuneCategory,threadcount,inputinfo,metric,value
hpc,4,testfile10,Metric Name,Metric Value
hpc,4,testfile10,Elapsed Time,4.065960
hpc,4,testfile10,SP GFLOPS,0.0
hpc,4,testfile10,DP GFLOPS,6.264213
hpc,4,testfile10,x87 GFLOPS,0.0
hpc,4,testfile10,CPI Rate,0.400651
hpc,4,testfile10,Average CPU Frequency,3233619889.658859
hpc,4,testfile10,Total Thread Count,4
hpc,4,testfile10,Effective Physical Core Utilization,9.4% (3.399 out of 36)
hpc,4,testfile10,Effective Logical Core Utilization,4.7% (3.406 out of 72)
hpc,4,testfile10,Serial Time (outside parallel regions),0.154s (3.8%)
hpc,4,testfile10,Parallel Region Time,3.912s (96.2%)
hpc,4,testfile10,Estimated Ideal Time,3.507s (86.3%)
hpc,4,testfile10,OpenMP Potential Gain,0.405s (10.0%)
hpc,4,testfile10,Memory Bound,11.9
hpc,4,testfile10,Cache Bound,4.2
hpc,4,testfile10,DRAM Bound,0.0
hpc,4,testfile10,NUMA: % of Remote Accesses,0.0
hpc,4,testfile10,Vectorization,0.0
hpc,4,testfile10,SP FLOPs,0.0
hpc,4,testfile10,Packed,0.0
hpc,4,testfile10,128-bit,0.0
hpc,4,testfile10,256-bit,0.0
hpc,4,testfile10,Scalar,0.0
hpc,4,testfile10,DP FLOPs,29.0
hpc,4,testfile10,Packed,0.0
hpc,4,testfile10,128-bit,0.0
hpc,4,testfile10,256-bit,0.0
hpc,4,testfile10,Scalar,100.0
hpc,4,testfile10,x87 FLOPs,0.0
hpc,4,testfile10,Non-FP,71.0
hpc,4,testfile10,FP Arith/Mem Rd Instr. Ratio,0.982440
hpc,4,testfile10,FP Arith/Mem Wr Instr. Ratio,5.284630
hpc,4,testfile10,Application Command Line,"leukocyte ""10"" ""4"" ""../../data/leukocyte/testfile.avi"""
hpc,4,testfile10,Operating System,"3.10.0-1160.15.2.1chaos.ch6.x86_64 NAME=""Red Hat Enterprise Linux Server"" VERSION=""7.9 (Maipo)"" ID=""rhel"" ID_LIKE=""fedora"" VARIANT=""Server"" VARIANT_ID=""server"" VERSION_ID=""7.9"" PRETTY_NAME=""Red Hat Enterprise Linux Server 7.9 (Maipo)"" ANSI_COLOR=""0;31"" CPE_NAME=""cpe:/o:redhat:enterprise_linux:7.9:GA:server"" HOME_URL=""https://www.redhat.com/"" BUG_REPORT_URL=""https://bugzilla.redhat.com/""  REDHAT_BUGZILLA_PRODUCT=""Red Hat Enterprise Linux 7"" REDHAT_BUGZILLA_PRODUCT_VERSION=7.9 REDHAT_SUPPORT_PRODUCT=""Red Hat Enterprise Linux"" REDHAT_SUPPORT_PRODUCT_VERSION=""7.9"""
hpc,4,testfile10,Computer Name,quartz2943
hpc,4,testfile10,Result Size,11258895
hpc,4,testfile10,Collection start time,00:50:13 22/04/2021 UTC
hpc,4,testfile10,Collection stop time,00:50:17 22/04/2021 UTC
hpc,4,testfile10,Collector Type,Driverless Perf per-process sampling
hpc,4,testfile10,Name,Intel(R) Xeon(R) Processor code named Broadwell
hpc,4,testfile10,Frequency,2095147902
hpc,4,testfile10,Logical CPU Count,72
